2.451710338451657673e-02
2.304642628169060667e-02
2.304242003664388333e-02
2.306289808482516260e-02
2.306482993011889707e-02
2.304504261342593327e-02
2.305614712599239266e-02
2.305846534663771874e-02
2.306100916342456592e-02
2.308411416905847141e-02
2.305601815888787265e-02
2.304009887022163972e-02
2.306366320901618444e-02
2.300706720825266421e-02
2.303477281989990341e-02
2.302284972032040897e-02
2.305398528486618526e-02
2.308407951245934620e-02
2.308066511355871472e-02
2.303311344971504734e-02
