2.831698674776939387e-02
2.558121004088098269e-02
2.410599144578149874e-02
2.325675472062302407e-02
2.275610504345031843e-02
2.244072857395681617e-02
2.222366107741818864e-02
2.207591233774647624e-02
2.196566183236731487e-02
2.186413670752205066e-02
2.176100741502103031e-02
2.167573749968298991e-02
2.161768272183371697e-02
2.156518886362722778e-02
2.153968283170925799e-02
2.151760424712859804e-02
2.148940457328737605e-02
2.145959135582273247e-02
2.145363875574569923e-02
2.143500908066624938e-02
