8315497835720349696.0000
0.0084
0.0035
0.0112
0.0038
0.0130
0.0042
0.0009
0.0025
0.0062
0.0035
0.0109
0.0029
0.0095
753525959459942957056.0000
0.0014
128667339796262322176.0000
0.0038
0.0032
0.0018
0.0024
0.0018
0.0026
0.0044
0.0012
0.0111
0.0013
0.0008
0.0069
0.0131
0.0044
0.0012
8894939805765771198464.0000
0.0041
0.0010
0.0015
0.0026
0.0049
0.0131
1250076290901696839680.0000
0.0062
0.0049
0.0083
0.0112
0.0016
0.0034
0.0024
0.0059
0.0032
0.0031
0.0023
0.0118
0.0080
0.0036
0.0031
0.0027
0.0018
0.0009
0.0033
0.0028
0.0022
0.0028
0.0061
0.0095
0.0044
0.0048
0.0058
0.0006
0.0105
407232504263824256.0000
0.0026
0.0048
0.0014
0.0034
0.0081
0.0136
0.0072
96546733126185861120.0000
0.0057
0.0015
3239272458282974720.0000
0.0009
0.0010
0.0109
0.0026
0.0029
0.0024
0.0029
0.0014
0.0033
0.0048
0.0026
0.0035
0.0106
0.0024
0.0027
0.0010
0.0048
0.0012
0.0136
