0.6485
0.6713
0.6527
0.6471
0.6451
0.6623
0.6409
0.5734
0.6568
0.6699
0.6423
0.6671
0.6423
0.6423
0.6485
0.6265
0.6437
0.6513
0.5424
0.6609
0.6354
0.6664
0.6685
0.6437
0.5024
0.6809
0.6465
0.6637
0.6609
0.6382
0.6540
0.6478
0.6547
0.6492
0.6589
0.6678
0.6782
0.6265
0.6630
0.6402
0.6527
0.4673
0.6389
0.6589
0.6423
0.6609
0.6416
0.6540
0.6685
0.6306
0.6272
0.6437
0.6265
0.6575
0.6602
0.6630
0.6017
0.6630
0.6644
0.6499
0.6444
0.6485
0.6595
0.6540
0.6134
0.6499
0.6699
0.6423
0.6616
0.6375
0.6726
0.6416
0.5865
0.6623
0.6196
0.6630
0.6051
0.6720
0.6389
0.6340
0.6589
0.6147
0.6216
0.6671
0.6478
0.6602
0.6733
0.5245
0.6582
0.6657
0.6465
0.6871
0.6602
0.6437
0.6623
0.6720
0.5686
0.6347
0.6430
