0.5521
0.6667
0.5833
0.5938
0.5625
0.6042
0.6042
0.7083
0.6979
0.7083
0.6354
0.7083
0.5833
0.6458
0.6250
0.6354
0.6771
0.6250
0.6667
0.6250
0.6250
0.5625
0.6042
0.7604
0.5417
0.6667
0.6146
0.6250
0.6667
0.6562
0.5729
0.6771
0.6771
0.5938
0.6354
0.6250
0.5312
0.6250
0.5938
0.5938
0.6146
0.6979
0.6250
0.6250
0.7083
0.7188
0.5938
0.6458
0.7083
0.6562
0.5833
0.5521
0.6042
0.6354
0.6458
0.6771
0.5938
0.6562
0.5729
0.5833
0.6562
0.7188
0.6354
0.6250
0.6354
0.6042
0.6667
0.6042
0.6562
0.6562
0.6771
0.6667
0.6979
0.6250
0.6250
0.6875
0.7500
0.5938
0.5729
0.6667
0.6667
0.6562
0.5521
0.7083
0.7188
0.6667
0.5833
0.6458
0.6562
0.6250
0.6354
0.5625
0.6458
0.7396
0.6458
0.5833
0.5833
0.5625
0.6562
0.5938
0.6354
0.6250
0.6771
0.6667
0.6875
0.6146
0.6562
0.6146
0.5521
0.6354
0.5417
0.6771
0.6354
0.6667
0.6562
0.6667
0.5625
0.6042
0.5938
0.6458
0.6562
0.6250
0.6250
0.6354
0.5833
0.6354
0.6250
0.6771
0.5625
0.6146
0.6354
0.5938
0.6562
0.6771
0.6146
0.6771
0.6562
0.6667
0.6146
0.7500
0.5521
0.6354
0.7083
0.6458
0.6562
0.6042
0.6771
0.6250
0.5729
0.6042
0.6042
0.6771
0.5833
0.5729
0.6250
0.6146
0.6042
0.6146
0.6146
0.5417
0.6875
0.6354
0.6458
0.6250
0.6042
0.6458
0.6250
0.6458
0.7292
0.6771
0.5625
0.6458
0.6667
0.6146
0.5729
0.5625
0.6667
0.5833
0.5312
0.6458
0.6354
0.5833
0.6146
0.6250
0.6042
0.5625
0.6771
0.6250
0.6979
0.5833
0.6667
0.6042
0.6562
0.7083
0.6979
0.6875
0.6250
0.6458
0.6875
0.5729
0.6146
0.5729
0.5729
0.6771
0.6042
0.6354
0.6562
0.6354
0.6667
0.6146
0.6042
0.6771
0.5938
0.6250
0.5833
0.6354
0.5625
0.6042
0.6250
0.6354
0.6042
0.6562
0.6458
0.6354
0.6354
0.6354
0.6146
0.6146
0.5833
0.6562
0.5521
0.6458
0.6042
0.6458
0.5312
0.6354
0.6458
0.6875
0.5625
0.6562
0.5938
0.7083
0.6354
0.7188
0.6458
0.5521
0.6771
0.5208
0.5729
0.6667
0.5833
0.5625
0.6979
0.6875
0.5833
0.7292
0.6562
0.5729
0.6354
0.5521
0.6979
0.6875
0.6354
0.5938
0.5312
0.5729
0.5625
0.7188
0.5938
0.6458
0.6562
0.5833
0.7292
0.7083
0.6458
0.7083
0.7292
0.5938
0.6250
0.6562
0.7083
0.6771
0.6250
0.5729
0.6562
0.6250
0.6250
0.5729
0.6667
0.5938
0.6875
0.6667
0.6146
0.6875
0.5208
0.6042
0.6250
0.6667
0.5938
0.6875
0.6667
0.7188
0.5938
0.6250
0.6458
0.6458
0.7604
0.6875
0.6354
0.6458
0.6042
0.5625
0.6562
0.6875
0.6250
0.6771
0.7188
0.6875
0.6875
0.6146
0.7188
0.6771
0.6458
0.6562
0.6250
0.6146
0.7396
0.6771
0.6354
0.6042
0.6667
0.5521
0.6875
0.6562
0.6875
0.6771
0.7604
0.7188
0.6562
0.6562
0.5312
0.6562
0.6146
0.6250
0.6458
0.6458
0.6667
0.7500
0.6354
0.6771
0.6458
0.5417
0.6354
0.6667
0.6875
0.6354
0.6146
0.5521
0.6354
0.7396
0.6562
0.6250
0.6562
0.6458
0.6667
0.6250
0.6250
0.6250
0.6146
0.6042
0.6042
0.6979
0.6146
0.7917
0.6771
0.5938
0.6146
0.6250
0.6458
0.7083
0.6146
0.6146
0.6250
0.6667
0.6979
0.5312
0.6771
0.5000
0.5938
0.6562
0.6771
0.6458
0.5625
0.6146
0.6146
0.6146
0.6354
0.6458
0.6458
0.6771
0.5938
0.6562
0.6667
0.5625
0.5729
0.6458
0.6562
0.6979
0.6458
0.5729
0.5938
0.5833
0.5417
0.6146
0.7396
0.6979
0.6458
0.7396
0.5521
0.6250
0.6354
0.5938
0.6042
0.6458
0.6875
0.5833
0.5833
0.5938
0.5833
0.6562
0.6042
0.5521
0.6979
0.6250
0.6562
0.6771
0.6458
0.5938
0.6458
0.6562
0.5521
0.6250
0.6146
0.7083
0.6146
0.6667
0.6354
0.6250
0.7188
0.7083
0.7083
0.6042
0.5625
0.5833
0.5833
0.6458
0.6667
0.5938
0.5417
0.6562
0.7292
0.6354
0.7083
0.5833
0.7292
0.6979
0.6562
0.5729
0.7083
0.5938
0.6875
0.6146
0.7500
0.6354
0.6250
0.6562
0.6458
0.5833
0.6354
0.6562
0.6875
0.6562
0.6458
0.6042
0.6667
0.6458
0.6354
0.6875
0.6354
0.6562
0.6458
0.6146
0.7083
0.5833
0.6250
0.6354
0.4896
0.6458
0.7188
0.6458
0.6354
0.5938
0.7500
0.6458
0.6042
0.5417
0.5833
0.6667
0.6354
0.6146
0.5521
0.6979
0.6979
0.6042
0.6875
0.6146
0.7396
0.5729
0.7188
0.6250
0.6250
0.6562
0.6458
0.6562
0.7188
0.6146
0.6979
0.6042
0.6771
0.7188
0.6458
0.6354
0.6562
0.6042
0.6354
0.6250
0.6146
0.6562
0.7083
0.7188
0.6875
0.6875
0.5833
0.6458
0.6042
0.5417
0.7083
0.6146
0.7396
0.6562
0.6771
0.5938
0.6771
0.7708
0.5938
0.7396
0.5833
0.5521
0.7500
0.6042
0.7188
0.6875
0.7188
0.6354
0.7500
0.6250
0.6458
0.7083
0.7083
0.6146
0.5833
0.7083
0.6667
0.7188
0.6042
0.6562
0.5625
0.6354
0.6042
0.7500
0.6875
0.6146
0.5521
0.6771
0.6667
0.7083
0.6667
0.6250
0.6354
0.6562
0.6875
0.6146
0.6562
0.6562
0.6771
0.5938
0.5938
0.6979
0.6354
0.7188
0.6458
0.7500
0.6875
0.6562
0.6562
0.6771
0.6562
0.6146
0.6146
0.6667
0.5833
0.6042
0.6458
0.6979
0.6458
0.5417
0.5625
0.5417
0.6042
0.5938
0.6771
0.6042
0.6042
0.5729
0.6354
0.6250
0.6771
0.6458
0.5833
0.7708
0.6042
0.6146
0.6354
0.6562
0.6875
0.7083
0.6250
0.6458
0.6562
0.6042
0.6354
0.7396
0.6875
0.6875
0.6146
0.6562
0.6979
0.6146
0.6562
0.6250
0.5833
0.6771
0.5833
0.6354
0.6354
0.7188
0.6562
0.6562
0.6771
0.6042
0.7083
0.6354
0.6042
0.6458
0.6562
0.6771
0.6562
0.6562
0.6458
0.6250
0.6562
0.6562
0.6146
0.6562
0.6771
0.6562
0.6562
0.5833
0.6667
0.7188
0.6562
0.6354
0.7083
0.7292
0.6875
0.6146
0.6875
0.7292
0.6875
0.6667
0.6771
0.6875
0.6250
0.6354
0.6979
0.6354
0.6250
0.6250
0.6771
0.7292
0.5729
0.6562
0.6562
0.6146
0.5938
0.6562
0.5938
0.5521
0.6458
0.6458
0.6562
0.6458
0.6562
0.6562
0.6667
0.6562
0.6042
0.5729
0.5938
0.6667
0.6146
0.6875
0.6667
0.6146
0.6458
0.6667
0.6562
0.6250
0.6042
0.6979
0.5000
0.5625
0.7292
0.6875
0.6667
0.6667
0.6042
0.6562
0.5833
0.6250
0.6250
0.6042
0.6667
0.6875
0.5938
0.6562
0.6042
0.6979
0.6354
0.6354
0.6979
0.6875
0.6042
0.6875
0.6562
0.5312
0.7083
0.6562
0.6979
0.6042
0.7708
0.6667
0.6979
0.6875
0.6667
0.6875
0.5729
0.6875
0.6979
0.6250
0.6250
0.6458
0.6979
0.6771
0.6771
0.6042
0.7292
0.6458
0.6875
0.7500
0.6354
0.6458
0.6354
0.7188
0.6667
0.7292
0.6146
0.6667
0.5729
0.5938
0.5521
0.6979
0.7812
0.6979
0.6250
0.6354
0.7292
0.6562
0.7083
0.6875
0.5833
0.6458
0.5938
0.5417
0.6875
0.7500
0.7188
0.6042
0.6354
0.6979
0.5729
0.6875
0.5729
0.6771
0.6354
0.6458
0.6146
0.6771
0.6771
0.6562
0.6458
0.6146
0.6146
0.7708
0.5938
0.5938
0.6875
0.7708
0.5833
0.6667
0.6562
0.7083
0.6979
0.6354
0.6875
0.7292
0.6875
0.6250
0.6979
0.7188
0.6667
0.6458
0.5938
0.6979
0.6562
0.6458
0.6771
0.6667
0.6667
0.6146
0.7083
0.5938
0.7500
0.7083
0.6562
0.5625
0.5833
0.6979
0.7396
0.5833
0.6979
0.6042
0.6667
0.6354
0.5938
0.6146
0.6146
0.6250
0.5521
0.5417
0.6771
0.6667
0.7083
0.5521
0.7396
0.6354
0.6562
0.7292
0.6875
0.7188
0.6771
0.6562
0.5938
0.6979
0.5938
0.5729
0.5938
0.6146
0.5625
0.5208
0.6562
0.5625
0.6979
0.6979
0.5625
0.6562
0.6250
0.6771
0.7292
0.5938
0.7188
0.6979
0.6146
0.6771
0.7396
0.6979
0.6875
0.6875
0.6771
0.6667
0.5833
0.6562
0.5938
0.6562
0.6667
0.5833
0.5729
0.6979
0.6250
0.7188
0.7500
0.6562
0.5938
0.6146
0.7083
0.6562
0.5938
0.7188
0.6562
0.6250
0.7188
0.6771
0.5625
0.5417
0.7083
0.5417
0.6875
0.7188
0.5938
0.6458
0.6042
0.7083
0.6667
0.6875
0.6771
0.6875
0.6667
0.7083
0.7292
0.6354
0.6458
0.6354
0.6042
0.6667
0.6771
0.6458
0.5833
0.6667
0.6146
0.5833
0.6146
0.6354
0.7083
0.6562
0.7292
0.5729
0.6562
0.6250
0.5729
0.6354
0.6458
0.6562
0.5625
0.6458
0.6771
0.6562
0.6562
0.5833
0.6562
0.6250
0.7083
0.6562
0.6562
0.5938
0.7292
0.6354
0.7396
0.5938
0.7396
0.6562
0.6458
0.5833
0.7604
0.6771
0.6146
0.5938
0.6458
0.6667
0.6042
0.6667
0.5833
0.5625
0.7604
0.6667
0.6979
0.6562
0.6146
0.6458
0.5625
0.7396
0.7083
0.5833
0.5833
0.6250
0.6042
0.6354
0.7292
0.6875
0.5833
0.7188
0.7396
0.7396
0.6562
0.6562
0.6250
0.6979
0.7292
0.7188
0.6667
0.6875
0.6771
0.6562
0.8125
0.6458
0.6771
0.5521
0.6562
0.6354
0.5312
0.6667
0.6979
0.6667
0.7083
0.6667
0.6042
0.7083
0.6146
0.6979
0.6667
0.6875
0.6250
0.6250
0.6146
0.6875
0.6250
0.6667
0.6042
0.6250
0.5312
0.6667
0.6354
0.6771
0.7396
0.7083
0.6250
0.6667
0.6146
0.5833
0.6875
0.7292
0.6250
0.5312
0.5625
0.6146
0.5625
0.6042
0.6562
0.6979
0.6562
0.6042
0.6979
0.5417
0.6875
0.6875
0.5417
0.6771
0.6250
0.6042
0.5938
0.5938
0.6667
0.6042
0.6979
0.6458
0.6042
0.6146
0.6562
0.6771
0.6250
0.6562
0.5729
0.5938
0.7083
0.6146
0.6562
0.5938
0.6458
0.5625
0.6771
0.6875
0.6250
0.6458
0.6562
0.5729
0.6458
0.5833
0.6146
0.6354
0.7083
0.6771
0.5729
0.6458
0.6354
0.6458
0.6771
0.5521
0.6667
0.6146
0.6146
0.6250
0.7188
0.5833
0.6771
0.6458
0.7396
0.5833
0.6562
0.6562
0.6250
0.6667
0.6667
0.6562
0.5729
0.6562
0.5938
0.7083
0.7083
0.6875
0.7292
0.6667
0.6458
0.6354
0.6250
0.6354
0.6667
0.6667
0.6979
0.6146
0.6146
0.6771
0.7812
0.7708
0.6667
0.6042
0.6146
0.7708
0.6875
0.7188
0.5938
0.6875
0.6875
0.7396
0.6771
0.7396
0.6562
0.5625
0.6667
0.6771
0.7500
0.7188
0.6979
0.7083
0.6146
0.6771
0.6771
0.5833
0.6042
0.6979
0.6458
0.6562
0.6562
0.6667
0.6458
0.6250
0.5938
0.6562
0.6979
0.6875
0.6771
0.6146
0.6771
0.7083
0.6875
0.5833
0.7083
0.6771
0.7083
0.7500
0.6458
0.6250
0.6875
0.6875
0.6354
0.5729
0.6771
0.6146
0.5938
0.6875
0.7083
0.6354
0.6354
0.7188
0.6458
0.6979
0.6667
0.6979
0.6979
0.6667
0.6354
0.6667
0.7083
0.6146
0.5625
0.6562
0.6875
0.5938
0.6771
0.6771
0.6771
0.6042
0.7188
0.6250
0.7188
0.6458
0.6562
0.5938
0.6771
0.6250
0.6667
0.6875
0.5417
0.5312
0.6562
0.6146
0.5625
0.6250
0.5938
0.6771
0.6875
0.7083
0.6979
0.5938
0.6458
0.6354
0.7083
0.6979
0.7396
0.6562
0.7188
0.7083
0.6771
0.6250
0.6146
0.5729
0.5729
0.6667
0.6146
0.6667
0.6354
0.6667
0.5833
0.5729
0.6146
0.7292
0.6042
0.6667
0.5938
0.6562
0.6771
0.6667
0.5938
0.5417
0.6458
0.6562
0.6875
0.7083
0.6667
0.6042
0.6354
0.5833
0.7292
0.5833
0.6875
0.7188
0.6354
0.6667
0.6042
0.6458
0.6562
0.6146
0.6562
0.6562
0.6771
0.7083
0.5625
0.7292
0.6354
0.6042
0.7500
0.6250
0.6771
0.7083
0.7188
0.6458
0.6979
0.6146
0.6771
0.6146
0.6771
0.6667
0.6875
0.6250
0.6562
0.6042
0.6562
0.6979
0.6979
0.6354
0.6562
0.6146
0.6875
0.6042
0.5938
0.6354
0.6562
0.6250
0.6146
0.6562
0.5729
0.6458
0.7083
0.5729
0.7188
0.6771
0.7708
0.6875
0.5833
0.6562
0.5833
0.6667
0.7083
0.6354
0.6979
0.6042
0.6354
0.6354
0.6458
0.5625
0.6146
0.6562
0.7188
0.7083
0.6458
0.6250
0.6042
0.6562
0.6250
0.6875
0.6667
0.6562
0.6875
0.6354
0.6146
0.6771
0.6146
0.6771
0.6875
0.6042
0.7500
0.6875
0.5729
0.6458
0.6771
0.6771
0.6458
0.7292
0.5729
0.6667
0.6875
0.6979
0.6979
0.6979
0.5938
0.5729
0.7604
0.6667
0.5625
0.6042
0.6667
0.6667
0.6146
0.6875
0.5625
0.6771
0.6562
0.6250
0.6771
0.5938
0.5938
0.6979
0.7812
0.6875
0.6146
0.6354
0.6354
0.6458
0.7396
0.6875
0.5938
0.6562
0.6354
0.6875
0.6667
0.6667
0.6042
0.6250
0.5833
0.6354
0.6979
0.5833
0.7396
0.6562
0.7396
0.7500
0.7708
0.6771
0.7500
0.6458
0.6146
0.6562
0.6458
