0.6237
0.6733
0.6471
0.6651
0.6575
0.6830
0.6623
0.6561
0.6513
0.6375
0.6416
0.6306
0.6416
0.6527
0.6444
0.6568
0.6589
0.6609
0.6713
0.6892
0.6644
0.6644
0.4941
0.6340
0.6320
0.6616
0.6471
0.6726
0.6609
0.6506
0.6637
0.6540
0.6616
0.6678
0.6465
0.6203
0.6568
0.6347
0.6664
0.6513
0.6568
0.6527
0.6327
0.6471
0.6361
0.6623
0.6182
0.6182
0.6451
0.6527
0.6520
0.6637
0.6458
0.6189
0.6651
0.6609
0.6465
0.6313
0.6568
0.6327
0.6258
0.6272
0.6375
0.6699
0.6692
0.6540
0.6244
0.6533
0.6533
0.5713
0.6582
0.6285
0.6720
0.6189
0.6554
0.6423
0.6396
0.6595
0.6168
0.6182
0.6699
0.6465
0.6485
0.6775
0.5224
0.6754
0.6795
0.6506
0.6582
0.6409
0.6575
0.6527
0.6671
0.6030
0.6423
0.6451
