0.6458
0.6589
0.6402
0.6540
0.6602
0.6816
0.6678
0.5748
0.6340
0.6416
0.6285
0.6602
0.6423
0.6540
0.6671
0.6334
0.6582
0.6478
0.5603
0.6423
0.6795
0.6747
0.6499
0.6547
0.4686
0.6692
0.6644
0.6595
0.6630
0.6802
0.6637
0.6354
0.6368
0.6402
0.6251
0.6561
0.6471
0.6368
0.6761
0.6451
0.6416
0.4555
0.6430
0.6389
0.6354
0.6595
0.6478
0.6444
0.6823
0.6313
0.6223
0.6692
0.6382
0.6416
0.6775
0.6382
0.5810
0.6595
0.6733
0.6595
0.6754
0.6444
0.6361
0.6416
0.6141
0.6775
0.6623
0.6492
0.6788
0.6244
0.6609
0.6402
0.5679
0.6678
0.6285
0.6713
0.6471
0.6692
0.6595
0.6533
0.6540
0.6237
0.6099
0.6850
0.6685
0.6568
0.6623
0.5334
0.6623
0.6802
0.6740
0.6402
0.6437
0.6685
0.6671
0.6589
0.5706
0.6354
0.6651
