0.6437
0.6540
0.6382
0.6506
0.6595
0.6802
0.6685
0.5762
0.6368
0.6396
0.6272
0.6589
0.6478
0.6568
0.6671
0.6340
0.6595
0.6465
0.5575
0.6478
0.6809
0.6733
0.6513
0.6575
0.4707
0.6685
0.6706
0.6616
0.6595
0.6837
0.6630
0.6375
0.6375
0.6430
0.6299
0.6540
0.6478
0.6361
0.6782
0.6416
0.6492
0.4569
0.6458
0.6389
0.6327
0.6616
0.6423
0.6437
0.6802
0.6285
0.6216
0.6664
0.6347
0.6409
0.6788
0.6409
0.5768
0.6637
0.6761
0.6609
0.6809
0.6389
0.6361
0.6409
0.6127
0.6802
0.6630
0.6485
0.6795
0.6230
0.6568
0.6430
0.5693
0.6657
0.6340
0.6671
0.6471
0.6664
0.6637
0.6527
0.6575
0.6237
0.6072
0.6871
0.6664
0.6589
0.6609
0.5341
0.6623
0.6782
0.6782
0.6409
0.6368
0.6637
0.6664
0.6575
0.5700
0.6347
0.6623
