2.780471437970930687e-02
2.222341438827964144e-02
2.216168390318046244e-02
2.212678255953154718e-02
2.211710010011941688e-02
2.210312862298016018e-02
2.209345147266878959e-02
2.209975700608300328e-02
2.209102513730248560e-02
2.208638770919345989e-02
2.210112976498096460e-02
2.209811555157644575e-02
2.207715670704836486e-02
2.206976757374273790e-02
2.206566391021179754e-02
2.206306980902370679e-02
2.204906355991304023e-02
2.203884048405588963e-02
2.205348270988469195e-02
2.205426226950794530e-02
