4.148642258854392389e-02
3.058163344595884667e-02
2.993137829578836062e-02
2.971502819251039748e-02
2.960335233056307289e-02
2.952742474352380853e-02
2.946644485937609248e-02
2.941368341016978999e-02
2.936605241058366095e-02
2.932146886802193542e-02
2.927814156311207144e-02
2.923620773919829302e-02
2.919693781162407964e-02
2.915679265330219094e-02
2.911841426811323172e-02
2.908025245762586863e-02
2.904250499373608671e-02
2.900476593160835476e-02
2.896808467557567338e-02
2.893153250366158752e-02
