0.4543
0.4821
0.4728
0.4106
0.5073
0.3709
0.4675
0.3046
0.4159
0.4636
0.4543
0.4596
0.4079
0.4702
0.4397
0.4887
0.4649
0.3311
0.4887
0.3113
0.4331
0.4861
0.3881
0.4821
0.4636
0.3311
0.4781
0.3152
0.4689
0.3894
0.4331
0.5166
0.3669
0.4411
0.4609
0.4596
0.5060
0.4927
0.3947
0.4000
0.4728
0.4344
0.3603
0.4503
0.3801
0.4464
0.4556
0.4543
0.4517
0.4636
0.4914
0.3457
0.4424
0.4424
0.4675
0.4358
0.4781
0.3589
0.4636
0.4715
0.4887
0.4742
0.4225
0.4570
0.4371
0.4424
0.4901
0.4596
0.4781
0.4742
0.4238
0.4861
0.4517
0.4265
0.4728
0.4437
0.4358
0.4238
0.4728
0.4887
0.4079
0.4887
0.4768
0.3603
0.4795
0.4848
0.4808
0.4993
0.4146
0.4238
0.4397
0.4980
0.4583
0.3947
0.5126
0.4927
0.5086
0.4795
0.4371
0.4146
