0.4901
0.5060
0.4808
0.4728
0.4583
0.4675
0.4901
0.3510
0.4530
0.4874
0.4808
0.4675
0.4318
0.4795
0.4742
0.5033
0.4901
0.3457
0.5219
0.3470
0.4570
0.4954
0.4755
0.4954
0.4543
0.3656
0.4702
0.3695
0.5060
0.4079
0.4543
0.4940
0.4026
0.4689
0.4940
0.5020
0.4768
0.5007
0.4291
0.4517
0.4927
0.4530
0.4053
0.4649
0.4291
0.4675
0.4781
0.4570
0.4702
0.4834
0.5060
0.3735
0.4583
0.4821
0.4967
0.4358
0.4742
0.3775
0.4980
0.4781
0.5007
0.4596
0.4808
0.4702
0.4543
0.4675
0.4967
0.4940
0.5192
0.4649
0.4662
0.4821
0.4848
0.4238
0.5086
0.4596
0.4623
0.4609
0.4437
0.5298
0.4291
0.5073
0.5166
0.3828
0.4887
0.5007
0.4675
0.4861
0.4649
0.4464
0.4689
0.5272
0.4728
0.4079
0.4543
0.4927
0.4821
0.4861
0.4424
0.4265
