0.4556
0.5152
0.4821
0.3907
0.4861
0.3669
0.4675
0.3126
0.4000
0.4914
0.4808
0.4715
0.4305
0.4305
0.4570
0.4583
0.4636
0.3351
0.4940
0.2993
0.4702
0.4993
0.3669
0.5444
0.4477
0.3113
0.4570
0.3007
0.4570
0.3563
0.4503
0.4861
0.3828
0.4940
0.4397
0.4450
0.4755
0.4861
0.4252
0.4132
0.4543
0.4384
0.3603
0.4768
0.3656
0.4318
0.4848
0.4252
0.4834
0.4371
0.4821
0.3589
0.4305
0.4954
0.4728
0.4119
0.4675
0.3656
0.4861
0.4808
0.4808
0.4344
0.4795
0.4530
0.4993
0.4609
0.4649
0.4940
0.4980
0.4490
0.4093
0.4623
0.4609
0.4172
0.4252
0.4291
0.4450
0.4371
0.4993
0.5099
0.3974
0.4927
0.4848
0.3603
0.5232
0.4742
0.4437
0.4728
0.4066
0.4225
0.4278
0.4728
0.5007
0.4464
0.5046
0.4887
0.4861
0.4517
0.4371
0.3868
