0.4927
0.4940
0.4662
0.4834
0.4914
0.4291
0.4795
0.3854
0.4623
0.5046
0.5113
0.4649
0.4424
0.4768
0.4556
0.4490
0.4821
0.4358
0.4887
0.3642
0.4967
0.4980
0.4874
0.4980
0.4848
0.4159
0.5192
0.4079
0.4901
0.4596
0.4464
0.4662
0.4530
0.5007
0.4861
0.5258
0.4715
0.5033
0.4185
0.4649
0.4993
0.4649
0.4715
0.4649
0.4583
0.4781
0.5073
0.4755
0.4848
0.5139
0.4755
0.4238
0.4861
0.4424
0.4874
0.4715
0.4675
0.4278
0.5258
0.4728
0.4609
0.4940
0.4940
0.4781
0.4914
0.4861
0.4980
0.4954
0.4675
0.5152
0.4636
0.5033
0.4901
0.4874
0.4887
0.5060
0.4675
0.4570
0.4887
0.5099
0.4834
0.4768
0.5007
0.4291
0.4954
0.5060
0.5166
0.5020
0.4861
0.4675
0.4954
0.5046
0.4980
0.4503
0.4848
0.5046
0.5245
0.4715
0.4596
0.4358
