0.5007
0.4927
0.4848
0.4808
0.5046
0.4835
0.4822
0.4861
0.5112
0.4941
0.4954
0.5205
0.4637
0.4993
0.4742
0.5205
0.5192
0.4795
0.4676
0.4597
0.4650
0.5007
0.5059
0.5125
0.4993
0.4359
0.4610
0.4729
0.4941
0.4729
0.4901
0.5007
0.4822
0.5297
0.4835
0.4927
0.4848
0.5218
0.4927
0.5218
0.5007
0.4822
0.5192
0.4782
0.4927
0.4927
0.4954
0.4769
0.5033
0.4901
0.4478
0.4835
0.4795
0.5258
0.5020
0.4557
0.5073
0.5059
0.5020
0.4875
0.4954
0.5020
0.5139
0.4980
0.4993
0.5178
0.4703
0.4729
0.4941
0.4914
0.4769
0.4716
0.5086
0.4808
0.5073
0.4980
0.4927
0.5033
0.4875
0.4967
0.4505
0.5007
0.4980
0.4690
0.4980
0.5139
0.5033
0.4848
0.4782
0.4808
0.5271
0.5073
0.4861
0.4729
0.4756
0.5046
0.4888
0.5258
0.5165
0.4941
