0.4624
0.4742
0.4716
0.3910
0.4875
0.3580
0.4676
0.3659
0.4174
0.4795
0.4663
0.4412
0.4280
0.4306
0.5165
0.4544
0.4637
0.3342
0.4650
0.3263
0.4108
0.4610
0.3686
0.4822
0.4478
0.3118
0.4676
0.2999
0.5125
0.3567
0.4122
0.4795
0.3818
0.4478
0.4399
0.4439
0.4769
0.4861
0.3831
0.4399
0.4624
0.4188
0.3606
0.4188
0.3659
0.4557
0.4861
0.4254
0.4333
0.4703
0.4742
0.3369
0.4386
0.4808
0.4637
0.4122
0.5205
0.3646
0.4888
0.4795
0.4769
0.4346
0.4161
0.4795
0.4465
0.5139
0.4663
0.4399
0.4624
0.4452
0.4095
0.4637
0.4597
0.4333
0.4240
0.4478
0.4452
0.4359
0.4980
0.4637
0.3778
0.4927
0.4914
0.3540
0.4571
0.4808
0.4439
0.4742
0.4822
0.4227
0.4161
0.4729
0.5350
0.3831
0.4650
0.4795
0.4875
0.5337
0.4373
0.3871
