0.4478
0.4967
0.4835
0.4016
0.5086
0.3580
0.4663
0.3369
0.4148
0.4861
0.4597
0.4465
0.4135
0.4306
0.4333
0.4663
0.4914
0.3448
0.4650
0.2985
0.4108
0.4637
0.3672
0.4954
0.4386
0.3144
0.4425
0.2999
0.5020
0.3738
0.4386
0.4888
0.3633
0.4716
0.4399
0.4478
0.4993
0.4769
0.3831
0.4148
0.4901
0.4333
0.3606
0.4571
0.3659
0.4333
0.4703
0.4214
0.4293
0.4505
0.4941
0.3369
0.4690
0.4914
0.4584
0.4135
0.5205
0.3633
0.4756
0.4729
0.4980
0.4703
0.4214
0.5139
0.4637
0.5059
0.4584
0.4452
0.5007
0.4663
0.4069
0.4848
0.4835
0.4333
0.4240
0.4624
0.4452
0.4452
0.5165
0.4901
0.3778
0.4901
0.4954
0.4465
0.4822
0.4927
0.4557
0.4901
0.4069
0.4227
0.4161
0.4822
0.5112
0.3923
0.4822
0.5178
0.4808
0.4439
0.4346
0.4122
