0.4927
0.4875
0.4808
0.4201
0.5443
0.3554
0.4808
0.3765
0.4346
0.4980
0.4399
0.4690
0.4518
0.4676
0.4412
0.4993
0.5059
0.3672
0.4822
0.3197
0.4478
0.4624
0.4174
0.4901
0.4742
0.3435
0.4822
0.3091
0.5033
0.3923
0.4267
0.5086
0.3871
0.5020
0.4531
0.4742
0.4954
0.4703
0.3976
0.4782
0.5073
0.4293
0.3791
0.4782
0.3976
0.4610
0.5059
0.4584
0.4927
0.4901
0.5046
0.3659
0.4769
0.5046
0.4848
0.4439
0.5007
0.3686
0.4993
0.5139
0.4993
0.5218
0.4756
0.5099
0.4848
0.4795
0.5033
0.4439
0.5073
0.4980
0.4399
0.4914
0.4531
0.4531
0.4756
0.4769
0.4954
0.4597
0.4954
0.5152
0.3910
0.4769
0.4729
0.3686
0.5033
0.5099
0.4703
0.4650
0.4373
0.4624
0.4439
0.5007
0.4769
0.4135
0.4808
0.4808
0.5046
0.5007
0.4729
0.4082
