0.4662
0.4834
0.4848
0.4265
0.4742
0.3563
0.4675
0.3205
0.3960
0.4702
0.4371
0.4490
0.4119
0.4305
0.4238
0.4689
0.4675
0.3377
0.4795
0.2993
0.4252
0.4874
0.3669
0.5046
0.4477
0.3126
0.4371
0.3007
0.4914
0.3841
0.4225
0.5046
0.3550
0.4556
0.4384
0.4675
0.4702
0.4609
0.3815
0.4185
0.4755
0.4185
0.3603
0.4503
0.3656
0.4371
0.5060
0.4358
0.4358
0.4437
0.5285
0.3404
0.4715
0.4689
0.4821
0.4132
0.5179
0.3629
0.4742
0.4795
0.4980
0.4609
0.4212
0.4755
0.4927
0.4662
0.5073
0.4464
0.4795
0.4702
0.4119
0.4742
0.4609
0.4305
0.4252
0.5073
0.4450
0.4530
0.5113
0.4808
0.3801
0.5192
0.5126
0.3603
0.4636
0.4808
0.4517
0.4874
0.4066
0.4331
0.4185
0.5166
0.4636
0.4106
0.4874
0.4940
0.5166
0.4424
0.4384
0.3868
