0.4874
0.4940
0.4993
0.4159
0.4450
0.3801
0.5033
0.3285
0.4530
0.4781
0.4821
0.4609
0.4066
0.4596
0.4318
0.4715
0.4649
0.3338
0.4808
0.3099
0.4384
0.4874
0.4013
0.4821
0.4649
0.3298
0.4556
0.3113
0.4887
0.3921
0.4609
0.4954
0.3868
0.4530
0.4675
0.4662
0.5007
0.4821
0.3881
0.4106
0.5007
0.4424
0.3709
0.4742
0.3947
0.4437
0.5007
0.4358
0.4543
0.4927
0.5046
0.3523
0.4649
0.4675
0.4742
0.4371
0.4742
0.3642
0.4728
0.4675
0.5272
0.4702
0.4623
0.4675
0.4649
0.4901
0.4808
0.5046
0.4675
0.4609
0.4185
0.4914
0.4662
0.4265
0.4662
0.4768
0.4636
0.4278
0.4675
0.4781
0.4106
0.4530
0.4768
0.3775
0.4689
0.5338
0.4424
0.4993
0.4397
0.4278
0.4636
0.5007
0.4927
0.3921
0.4901
0.4675
0.4914
0.4808
0.4649
0.4450
