1.000000000000000048e-04
8.286427728546842068e-04
1.676832936811008387e-03
1.676832936811008387e-03
1.676832936811008387e-03
3.393221771895329857e-03
1.000000000000000048e-04
2.811768697974230749e-02
5.179474679231213042e-04
1.325711365590108133e-03
4.094915062380427508e-04
1.325711365590108133e-03
1.676832936811008387e-03
6.551285568595509225e-04
2.023589647725155421e-04
6.551285568595509225e-04
5.179474679231213042e-04
1.000000000000000048e-04
6.551285568595509225e-04
8.685113737513520255e-03
5.179474679231213042e-04
4.291934260128778614e-03
1.325711365590108133e-03
6.551285568595509225e-04
1.325711365590108133e-03
6.551285568595509225e-04
1.048113134154685230e-03
1.325711365590108133e-03
2.682695795279724585e-03
8.286427728546842068e-04
1.325711365590108133e-03
1.048113134154685230e-03
5.428675439323859403e-03
6.551285568595509225e-04
1.048113134154685230e-03
1.048113134154685230e-03
1.325711365590108133e-03
1.676832936811008387e-03
8.286427728546842068e-04
6.551285568595509225e-04
8.286427728546842068e-04
2.682695795279724585e-03
3.393221771895329857e-03
3.393221771895329857e-03
3.393221771895329857e-03
8.286427728546842068e-04
1.048113134154685230e-03
2.682695795279724585e-03
1.676832936811008387e-03
1.048113134154685230e-03
3.393221771895329857e-03
5.179474679231213042e-04
2.682695795279724585e-03
8.286427728546842068e-04
6.551285568595509225e-04
2.559547922699533331e-04
5.179474679231213042e-04
1.048113134154685230e-03
4.094915062380427508e-04
1.676832936811008387e-03
4.094915062380427508e-04
8.286427728546842068e-04
1.676832936811008387e-03
1.676832936811008387e-03
1.325711365590108133e-03
1.098541141987558444e-02
3.393221771895329857e-03
6.551285568595509225e-04
3.393221771895329857e-03
1.048113134154685230e-03
1.325711365590108133e-03
2.682695795279724585e-03
8.286427728546842068e-04
4.291934260128778614e-03
1.325711365590108133e-03
6.866488450042998112e-03
3.393221771895329857e-03
6.551285568595509225e-04
2.682695795279724585e-03
6.551285568595509225e-04
4.291934260128778614e-03
3.393221771895329857e-03
3.237457542817640129e-04
8.685113737513520255e-03
2.120950887920190417e-03
1.676832936811008387e-03
3.393221771895329857e-03
8.286427728546842068e-04
3.393221771895329857e-03
8.286427728546842068e-04
3.393221771895329857e-03
2.120950887920190417e-03
5.179474679231213042e-04
1.676832936811008387e-03
4.094915062380427508e-04
1.325711365590108133e-03
6.551285568595509225e-04
4.291934260128778614e-03
5.179474679231213042e-04
6.866488450042998112e-03
