8.720689655172414234e+01
1.173793103448276014e+02
1.216896551724138078e+02
1.260000000000000000e+02
1.260000000000000000e+02
1.001379310344827616e+02
5.272413793103449109e+01
5.272413793103449109e+01
8.720689655172414234e+01
1.087586206896551886e+02
6.996551724137931672e+01
1.260000000000000000e+02
1.216896551724138078e+02
1.260000000000000000e+02
1.044482758620689822e+02
1.173793103448276014e+02
1.130689655172413950e+02
3.548275862068965836e+01
1.260000000000000000e+02
5.703448275862069750e+01
1.216896551724138078e+02
1.087586206896551886e+02
1.260000000000000000e+02
6.996551724137931672e+01
1.044482758620689822e+02
1.824137931034482918e+01
1.216896551724138078e+02
1.216896551724138078e+02
1.173793103448276014e+02
1.260000000000000000e+02
8.720689655172414234e+01
1.260000000000000000e+02
8.720689655172414234e+01
1.260000000000000000e+02
1.260000000000000000e+02
1.260000000000000000e+02
1.216896551724138078e+02
8.289655172413793593e+01
1.260000000000000000e+02
6.134482758620690390e+01
1.260000000000000000e+02
1.001379310344827616e+02
5.272413793103449109e+01
1.260000000000000000e+02
1.173793103448276014e+02
1.087586206896551886e+02
6.565517241379311031e+01
1.260000000000000000e+02
1.216896551724138078e+02
1.260000000000000000e+02
1.216896551724138078e+02
7.858620689655172953e+01
1.130689655172413950e+02
1.216896551724138078e+02
1.216896551724138078e+02
1.216896551724138078e+02
1.044482758620689822e+02
6.134482758620690390e+01
9.582758620689655515e+01
1.260000000000000000e+02
1.260000000000000000e+02
5.703448275862069750e+01
1.001379310344827616e+02
1.260000000000000000e+02
1.260000000000000000e+02
1.260000000000000000e+02
1.044482758620689822e+02
1.216896551724138078e+02
1.087586206896551886e+02
1.173793103448276014e+02
1.260000000000000000e+02
1.173793103448276014e+02
7.427586206896552312e+01
7.427586206896552312e+01
1.001379310344827616e+02
6.996551724137931672e+01
1.260000000000000000e+02
3.979310344827586476e+01
1.216896551724138078e+02
6.565517241379311031e+01
1.260000000000000000e+02
1.260000000000000000e+02
1.260000000000000000e+02
7.427586206896552312e+01
1.001379310344827616e+02
1.216896551724138078e+02
1.216896551724138078e+02
1.216896551724138078e+02
3.548275862068965836e+01
1.044482758620689822e+02
1.216896551724138078e+02
1.173793103448276014e+02
1.130689655172413950e+02
1.260000000000000000e+02
1.260000000000000000e+02
1.130689655172413950e+02
1.087586206896551886e+02
1.173793103448276014e+02
5.703448275862069750e+01
1.130689655172413950e+02
