0.4794
0.4876
0.4766
0.3915
0.4876
0.3516
0.4698
0.3571
0.3929
0.4670
0.4299
0.4739
0.4162
0.4299
0.4286
0.4698
0.4918
0.3365
0.4780
0.2953
0.4093
0.4657
0.3654
0.4863
0.4657
0.3118
0.4354
0.2967
0.4712
0.3695
0.4162
0.4931
0.3530
0.5151
0.4464
0.4643
0.4725
0.4863
0.3805
0.4588
0.4794
0.4135
0.3613
0.4272
0.3668
0.4890
0.4959
0.4272
0.4382
0.4368
0.5000
0.3297
0.4478
0.5055
0.4794
0.4231
0.5096
0.3668
0.4808
0.4918
0.5110
0.4368
0.4162
0.4849
0.4643
0.4766
0.4629
0.4423
0.4863
0.4657
0.4093
0.4712
0.4739
0.4409
0.4217
0.4313
0.4492
0.4203
0.5288
0.4794
0.3736
0.4918
0.5220
0.3489
0.4615
0.4959
0.4505
0.5082
0.4533
0.4258
0.4121
0.4931
0.4739
0.3819
0.4615
0.4876
0.5137
0.4574
0.4437
0.3860
