0.4725
0.4712
0.4725
0.3915
0.4725
0.3516
0.4698
0.3242
0.3956
0.4794
0.4354
0.4698
0.4162
0.4299
0.4203
0.4739
0.4588
0.3379
0.4904
0.2953
0.4190
0.4725
0.3654
0.4808
0.4890
0.3118
0.4354
0.2981
0.4698
0.3475
0.4121
0.5055
0.3530
0.4492
0.4437
0.4464
0.4766
0.4821
0.3805
0.3970
0.4519
0.4135
0.3640
0.4368
0.3681
0.4354
0.4808
0.4286
0.4382
0.4766
0.5234
0.3365
0.4258
0.4794
0.4780
0.4176
0.4863
0.3681
0.4615
0.4918
0.4876
0.4396
0.4162
0.4533
0.4231
0.4780
0.4629
0.4657
0.4615
0.4451
0.4258
0.4574
0.4588
0.4066
0.4217
0.4313
0.4492
0.4327
0.4986
0.4863
0.3805
0.4876
0.4959
0.3558
0.4602
0.4725
0.4423
0.4945
0.4080
0.4272
0.4162
0.4712
0.5000
0.3819
0.4643
0.4945
0.4863
0.4409
0.4629
0.3860
