0.4849
0.4918
0.4780
0.3915
0.4753
0.3777
0.4931
0.3132
0.4107
0.4890
0.4629
0.4712
0.4299
0.4533
0.4505
0.4876
0.4423
0.3352
0.4657
0.2995
0.4190
0.4505
0.4011
0.4780
0.4808
0.3283
0.4670
0.3077
0.4808
0.3846
0.4560
0.5041
0.3777
0.4876
0.4478
0.4657
0.4835
0.4725
0.3929
0.4107
0.4766
0.4437
0.3709
0.4451
0.3887
0.4437
0.4712
0.4409
0.4588
0.4588
0.4890
0.3379
0.4464
0.4684
0.4753
0.4437
0.4684
0.3750
0.4766
0.5604
0.5179
0.4739
0.4396
0.4808
0.4423
0.4849
0.4876
0.4780
0.4698
0.4794
0.4176
0.4712
0.4615
0.4190
0.4519
0.4629
0.4574
0.4560
0.4766
0.4808
0.3791
0.5096
0.4780
0.3736
0.4629
0.5041
0.4657
0.4973
0.4148
0.4519
0.4354
0.4904
0.5220
0.3901
0.4684
0.4698
0.5151
0.4574
0.4560
0.4121
