0.5055
0.5124
0.4794
0.4148
0.4945
0.3668
0.4794
0.3503
0.4176
0.4657
0.4753
0.4505
0.4492
0.4657
0.4629
0.4615
0.4382
0.3530
0.4560
0.2898
0.4176
0.4533
0.3915
0.5014
0.4643
0.3297
0.4492
0.3214
0.4986
0.3846
0.4382
0.4739
0.3805
0.4821
0.4821
0.4712
0.4437
0.5179
0.3832
0.4231
0.5151
0.4588
0.3709
0.4492
0.4038
0.4203
0.4753
0.4341
0.4725
0.5000
0.4890
0.3379
0.4712
0.4766
0.4684
0.4245
0.4973
0.3764
0.4945
0.5151
0.5041
0.4794
0.4670
0.4547
0.4327
0.4835
0.4849
0.4766
0.4684
0.4725
0.4190
0.4670
0.4766
0.4560
0.4327
0.4684
0.4684
0.4492
0.4918
0.5096
0.3860
0.4986
0.4725
0.3887
0.4698
0.4945
0.4712
0.5055
0.4437
0.4423
0.4437
0.4849
0.4931
0.4038
0.4725
0.5014
0.4973
0.4629
0.4698
0.4162
