0.4808
0.4927
0.4967
0.3884
0.4848
0.3659
0.4729
0.3184
0.4240
0.4835
0.4544
0.4280
0.4293
0.4359
0.4227
0.4690
0.4306
0.3355
0.4544
0.3038
0.4122
0.4505
0.3831
0.4848
0.4571
0.3369
0.4425
0.3038
0.4769
0.3593
0.4161
0.4993
0.3646
0.4584
0.4597
0.4782
0.4848
0.4769
0.3937
0.4188
0.4835
0.4188
0.3778
0.4544
0.3672
0.4491
0.4848
0.4240
0.4412
0.4980
0.4690
0.3633
0.4412
0.4941
0.4597
0.4254
0.4795
0.3659
0.4676
0.4835
0.5020
0.4610
0.4425
0.4795
0.4465
0.4518
0.4584
0.4531
0.4756
0.4571
0.4122
0.4624
0.4742
0.4095
0.4359
0.4557
0.4597
0.4346
0.4835
0.4941
0.3778
0.4927
0.4690
0.3765
0.4610
0.5007
0.4597
0.4835
0.4201
0.4320
0.4544
0.5007
0.4756
0.3963
0.4769
0.5152
0.4848
0.4650
0.4439
0.4082
