0.4782
0.5033
0.5007
0.4254
0.4822
0.3884
0.4531
0.3250
0.4280
0.4993
0.4518
0.4518
0.4425
0.4597
0.4267
0.4901
0.4716
0.3435
0.4941
0.3421
0.4320
0.4690
0.3976
0.4927
0.4650
0.3382
0.4518
0.3236
0.4808
0.4095
0.4333
0.5271
0.3923
0.4835
0.4848
0.4703
0.4822
0.5046
0.3963
0.4214
0.4914
0.4293
0.3752
0.4491
0.3778
0.4637
0.4716
0.4254
0.4399
0.4901
0.4716
0.3487
0.4333
0.4848
0.4782
0.4293
0.5192
0.3765
0.4980
0.5192
0.5007
0.4650
0.4214
0.4914
0.4373
0.4637
0.4941
0.5218
0.4756
0.4729
0.4188
0.4624
0.4782
0.4161
0.4399
0.4584
0.4716
0.4452
0.4571
0.5125
0.3923
0.5192
0.4835
0.3897
0.4914
0.4769
0.4690
0.4980
0.4029
0.4280
0.4610
0.5258
0.4835
0.4003
0.4835
0.5192
0.5112
0.4769
0.4505
0.4042
