0.4703
0.4861
0.4848
0.3950
0.4795
0.3659
0.4795
0.3104
0.4029
0.4756
0.4518
0.4531
0.4412
0.4359
0.4161
0.4690
0.4425
0.3236
0.4782
0.3012
0.4214
0.4624
0.3738
0.4914
0.4518
0.3236
0.4571
0.3025
0.4927
0.3699
0.4161
0.4927
0.3527
0.4703
0.4465
0.4637
0.4941
0.4716
0.3910
0.3897
0.4597
0.4254
0.3712
0.4452
0.3765
0.4386
0.4610
0.4055
0.4412
0.4690
0.4808
0.3408
0.4452
0.4967
0.4650
0.4188
0.5046
0.3593
0.5337
0.4941
0.4888
0.4373
0.4267
0.4782
0.4306
0.4439
0.4716
0.4518
0.4650
0.4557
0.4029
0.4624
0.4650
0.4174
0.4452
0.4386
0.4478
0.4240
0.4782
0.4967
0.3818
0.5192
0.4703
0.3580
0.4637
0.4954
0.4518
0.4861
0.4069
0.4174
0.4214
0.4980
0.4875
0.3871
0.4848
0.5099
0.4993
0.4452
0.4254
0.4016
