0.4729
0.4848
0.5086
0.3989
0.4914
0.3765
0.4729
0.3223
0.4029
0.4901
0.4491
0.4267
0.4254
0.4240
0.4214
0.4584
0.4412
0.3263
0.4306
0.3012
0.4201
0.4584
0.3738
0.4795
0.4465
0.3303
0.4610
0.3052
0.5020
0.3778
0.4240
0.4967
0.3738
0.4703
0.4769
0.4822
0.4875
0.4954
0.3923
0.4254
0.4941
0.4214
0.3686
0.4518
0.3791
0.4518
0.4808
0.4320
0.4584
0.5046
0.4703
0.3501
0.4610
0.4822
0.4571
0.4280
0.5231
0.3765
0.4650
0.5007
0.4993
0.4584
0.4346
0.4808
0.4650
0.4703
0.4544
0.4742
0.4927
0.4624
0.4082
0.4808
0.4742
0.4135
0.4637
0.4808
0.4875
0.4082
0.4769
0.4901
0.3963
0.5139
0.4875
0.3857
0.4663
0.5033
0.4676
0.5020
0.4108
0.4254
0.4399
0.4967
0.4835
0.4095
0.4637
0.5059
0.4835
0.4610
0.4610
0.4082
