0.4663
0.4941
0.4901
0.3910
0.4769
0.3580
0.4676
0.3210
0.3963
0.5099
0.4584
0.4478
0.4135
0.4306
0.4227
0.4663
0.4769
0.3435
0.4650
0.2985
0.4108
0.4690
0.3672
0.5086
0.4386
0.3118
0.4597
0.2999
0.5086
0.3752
0.4122
0.5059
0.3554
0.4597
0.4399
0.4610
0.5033
0.4782
0.3831
0.4148
0.4808
0.4188
0.3606
0.4267
0.3659
0.4584
0.4967
0.4254
0.4346
0.4531
0.4927
0.3382
0.4465
0.4808
0.4531
0.4148
0.5205
0.3633
0.4954
0.4835
0.4993
0.4624
0.4161
0.4663
0.4861
0.5099
0.4663
0.4465
0.4756
0.4782
0.4108
0.4650
0.4808
0.4346
0.4386
0.4571
0.4452
0.4254
0.4848
0.4808
0.3778
0.4901
0.4980
0.3686
0.4452
0.4993
0.4425
0.4901
0.4293
0.4333
0.4161
0.4822
0.4756
0.3831
0.4782
0.5073
0.5192
0.4439
0.4425
0.3871
