0.4557
0.4769
0.4729
0.3910
0.5350
0.3699
0.4676
0.3210
0.3937
0.4795
0.4399
0.4861
0.4122
0.4306
0.4227
0.4544
0.4888
0.3342
0.4888
0.2985
0.4174
0.4491
0.3672
0.4967
0.4478
0.3118
0.4491
0.3012
0.4742
0.3567
0.4122
0.4901
0.3593
0.4663
0.4399
0.4439
0.5152
0.4861
0.4016
0.4016
0.4663
0.4188
0.3606
0.4756
0.3752
0.4306
0.4861
0.4254
0.4650
0.4637
0.4716
0.3448
0.4320
0.4875
0.4729
0.4122
0.5033
0.3620
0.5059
0.4822
0.5086
0.4346
0.4280
0.4531
0.4795
0.4637
0.4663
0.4518
0.4624
0.4650
0.4095
0.4597
0.4597
0.4161
0.4333
0.4571
0.4452
0.4359
0.4980
0.4914
0.3778
0.5059
0.5125
0.3593
0.4848
0.4742
0.4439
0.5007
0.4069
0.4227
0.4188
0.4729
0.4808
0.4095
0.4624
0.4808
0.4875
0.4425
0.4491
0.3976
