0.4668
0.4762
0.4850
0.4316
0.4721
0.4257
0.4774
0.3476
0.4451
0.4709
0.4498
0.4856
0.4198
0.4563
0.4469
0.4833
0.3969
0.4827
0.3300
0.4516
0.4680
0.4339
0.4815
0.4351
0.3400
0.4369
0.3993
0.4979
0.4445
0.4392
0.4721
0.3658
0.4885
0.4885
0.4680
0.4880
0.4739
0.4363
0.4821
0.4833
0.4504
0.3423
0.4234
0.4375
0.4539
0.4862
0.4263
0.4756
0.4792
0.4621
0.3735
0.4169
0.4780
0.4668
0.4204
0.4856
0.3623
0.5132
0.5167
0.5044
0.4498
0.4474
0.4339
0.4357
0.4885
0.4557
0.4874
0.4880
0.4668
0.4474
0.4768
0.4927
0.3946
0.4668
0.4234
0.4557
0.4275
0.4656
0.4797
0.4198
0.4927
0.4768
0.3782
0.4792
0.4803
0.4792
0.4680
0.3711
0.4615
0.4480
0.4833
0.4839
0.4063
0.4574
0.4991
0.4698
0.4198
0.4422
0.4222
