0.4521
0.4668
0.4880
0.3746
0.5044
0.3764
0.4398
0.3206
0.4134
0.4680
0.4234
0.4756
0.3823
0.4586
0.4228
0.4656
0.3670
0.4580
0.3065
0.4222
0.4545
0.3787
0.4850
0.4228
0.3065
0.4228
0.3441
0.4803
0.4304
0.4081
0.4698
0.3318
0.4381
0.4457
0.4369
0.4938
0.4563
0.4093
0.4750
0.4521
0.4275
0.3183
0.4134
0.3969
0.4322
0.4674
0.4081
0.4480
0.4656
0.4592
0.3459
0.3940
0.4686
0.4516
0.4193
0.4745
0.3464
0.4909
0.4868
0.4874
0.4433
0.4269
0.4251
0.4251
0.4298
0.4539
0.4568
0.4510
0.4345
0.4245
0.4586
0.4463
0.3770
0.4486
0.3881
0.4257
0.4034
0.4803
0.4633
0.4040
0.4891
0.4492
0.3547
0.4610
0.4604
0.4604
0.4944
0.3365
0.4298
0.4110
0.4498
0.4563
0.3600
0.4874
0.4968
0.4621
0.4093
0.4275
0.4063
