0.7172
0.4242
0.4444
0.2828
0.4545
0.3333
0.3030
0.3939
0.4141
0.2121
0.3939
0.4343
0.5758
0.4040
0.5657
0.4545
0.3636
0.5253
0.4242
0.4141
0.3939
0.4747
0.3232
0.3333
0.5152
0.3131
0.4545
0.4141
0.3636
0.4141
0.5455
0.4444
0.2424
0.2727
0.4343
0.4747
0.3737
0.5253
0.3535
0.4747
0.4242
0.4747
0.4646
0.3838
0.3737
0.3838
0.4646
0.4949
0.4545
0.3434
0.4545
0.2828
0.3737
0.2222
0.4343
0.3535
0.1717
0.4646
0.3434
0.4343
0.3939
0.4444
0.4949
0.3838
0.4343
0.3838
0.3535
0.3939
0.4242
0.5455
0.4141
0.4444
0.4040
0.2929
0.3737
0.4646
0.3636
0.3232
0.3636
0.3838
0.5556
0.4949
0.4545
0.3737
0.3434
0.2929
0.4949
0.3939
0.4848
0.3636
0.4141
0.4646
0.4444
0.3535
0.2828
0.4040
0.3333
0.5556
0.5455
0.3333
0.6364
0.4747
0.4545
0.4040
0.3232
0.3737
0.3232
0.3737
0.5051
0.2828
0.3737
0.4848
0.3636
0.4949
0.3737
0.2828
0.1919
0.2424
0.4949
0.2727
0.3535
0.3232
0.5960
0.3838
0.4444
0.3434
0.2525
0.2828
0.4444
0.4040
0.5051
0.6263
0.3838
0.4545
0.4040
0.3232
0.3838
0.3636
0.2929
0.3333
0.2525
0.4040
0.3333
0.5051
0.6061
0.3939
0.1818
0.3939
0.3939
0.2525
0.4040
0.3535
0.3434
0.3333
0.2929
0.4040
0.3535
0.3030
0.2929
0.3131
0.3232
0.2525
0.3131
0.4242
0.4444
0.3636
0.4343
0.2323
0.4949
0.4545
0.4343
0.3030
0.2525
0.3636
0.3636
0.4343
0.5758
0.5354
0.4949
0.3838
0.4040
0.5556
0.4949
0.3838
0.4444
0.3131
0.3333
0.4343
0.4444
0.4242
0.4444
0.3939
0.4949
0.3434
0.2929
0.3939
0.5354
0.4848
0.5455
0.3333
0.3030
0.2626
0.3636
0.4545
0.4747
0.3535
0.5152
0.3434
0.4444
0.4343
0.5051
0.5758
0.5455
0.4444
0.4646
0.3939
0.4141
0.3434
0.4141
0.5556
0.3333
0.3636
0.4141
0.4848
0.4242
0.3535
0.2020
0.6364
0.3030
0.3939
0.4040
0.2929
0.1919
0.5051
0.3636
0.5455
0.5051
0.4242
0.4040
0.4848
0.2525
0.3939
0.2727
0.3434
0.4242
0.6263
0.5354
0.3838
0.2727
0.4444
0.3434
0.4747
0.5051
0.3838
0.4545
0.3737
0.4949
0.3939
0.4646
0.4545
0.3939
0.3232
0.3939
0.4545
0.4747
0.5455
0.3232
0.4444
0.3232
0.3838
0.3232
0.3939
0.4747
0.4040
0.4141
0.5253
0.3737
0.4343
0.4343
0.4444
0.4848
0.6162
0.2929
0.2424
0.3030
0.4848
0.3939
0.3535
0.4040
0.3434
0.4040
0.5152
0.3737
0.4242
0.4444
0.3838
0.3030
0.3535
0.3030
0.4444
0.4848
0.4040
0.4242
0.4040
0.4242
0.3838
0.4444
0.5657
0.3636
0.2929
0.3333
0.4242
0.2929
0.5051
0.3838
0.4343
0.5758
0.3939
0.3939
0.3838
0.5051
0.3535
0.3434
0.5152
0.3535
0.2323
0.4545
0.4444
0.4040
0.3636
0.3838
0.5152
0.3232
0.4040
0.4141
0.4242
0.3131
0.4141
0.3838
0.3636
0.3434
0.4646
0.3232
0.4848
0.4141
0.4848
0.3636
0.4545
0.4343
0.3535
0.3232
0.3636
0.4949
0.4242
0.2525
0.4848
0.4242
0.5152
0.5556
0.4040
0.3434
0.4747
0.3636
0.4949
0.3939
0.5556
0.4343
0.3232
0.3535
0.4242
0.3030
0.2828
0.2828
0.3232
0.2828
0.4141
0.4747
0.3535
0.3737
0.3636
0.3232
0.4040
0.2424
0.3333
0.4444
0.5051
0.3737
0.3535
0.3838
0.3737
0.3535
0.3939
0.3737
0.3131
0.2929
0.1919
0.3232
0.3939
0.4040
0.3535
0.4444
0.4444
0.4242
0.3131
0.4747
0.4141
0.3030
0.4040
0.3434
0.5657
0.5455
0.4242
0.3434
0.4343
0.5051
0.4242
0.4646
0.4848
0.4848
0.4242
0.4747
0.5051
0.5152
0.4141
0.3636
0.2828
0.4646
0.3333
0.5051
0.4242
0.4242
0.3232
0.5152
0.5051
0.4848
0.5051
0.4646
0.4545
0.4444
0.5051
0.4949
0.4040
0.3333
0.4141
0.4141
0.4040
0.2020
0.4343
0.3434
0.4040
0.3939
0.4343
0.4646
0.3333
0.4343
0.3939
0.4949
0.4040
0.4343
0.4949
0.5152
0.4848
0.4444
0.4040
0.4343
0.5455
0.3636
0.4848
0.4040
0.3939
0.4141
0.3535
0.4444
0.4545
0.3434
0.4545
0.4646
0.4646
0.3131
0.3737
0.4040
0.3434
0.4242
0.5354
0.3939
0.3535
0.4646
0.2525
0.5051
0.4141
0.5051
0.4747
0.4848
0.5455
0.3232
0.3434
0.4545
0.4444
0.4040
0.4646
0.4848
0.3232
0.5152
0.5152
0.3636
0.3939
0.3838
0.2727
0.4343
0.4040
0.5253
0.4343
0.4747
0.5051
0.3333
0.4444
0.4747
0.4646
0.4747
0.4949
0.3939
0.4747
0.4040
0.3636
0.4949
0.2727
0.4040
0.4444
0.3535
0.4343
0.4747
0.5859
0.6667
0.4444
0.4141
0.3636
0.4747
0.4747
0.3434
0.5152
0.4040
0.3737
0.3333
0.4242
0.4444
0.4141
0.3737
0.5152
0.5152
0.3636
0.2323
0.3131
0.3636
0.3535
0.3838
0.2121
0.3737
0.3434
0.3939
0.3737
0.4242
0.4545
0.3131
0.3232
0.3636
0.5455
0.4343
0.4141
0.4141
0.2828
0.3939
0.3939
0.2626
0.2525
0.4040
0.2727
0.3232
0.5859
0.6162
0.3636
0.2929
0.2929
0.2626
0.4646
0.5758
0.4040
0.4343
0.5253
0.5859
0.5556
0.4040
0.3030
0.4747
0.3838
0.3636
0.4545
0.3333
0.4848
0.5051
0.4949
0.4343
0.4444
0.3636
0.3939
0.3939
0.3737
0.5152
0.4343
0.2323
0.3636
0.3333
0.4545
0.3434
0.5253
0.5152
0.4646
0.4747
0.4646
0.4747
0.3838
0.3636
0.4040
0.3535
0.4444
0.3737
0.4040
0.4949
0.3939
0.4545
0.4545
0.4343
0.5354
0.3939
0.4949
0.3838
0.2828
0.4141
0.4040
0.4242
0.4646
0.3838
0.3737
0.5051
0.4343
0.4141
0.3131
0.3232
0.3737
0.3535
0.3030
0.4343
0.5051
0.4747
0.3939
0.4343
0.4040
0.5152
0.5455
0.3636
0.4545
0.4545
0.4545
0.5152
0.3737
0.3838
0.4141
0.3737
0.3333
0.4545
0.4646
0.3939
0.4545
0.4040
0.4040
0.4343
0.4444
0.5253
0.2222
0.5758
0.3636
0.2424
0.4141
0.3737
0.3131
0.4444
0.4646
0.5556
0.4949
0.3737
0.4444
0.5354
0.3535
0.3434
0.3535
0.3535
0.4545
0.4444
0.5051
0.3636
0.5152
0.4747
0.4343
0.6162
0.3434
0.3939
0.4848
0.3737
0.4444
0.4444
0.4848
0.2828
0.3434
0.4747
0.3535
0.4949
0.3737
0.5051
0.5051
0.3333
0.4242
0.4646
0.2929
0.4444
0.4444
0.5051
0.4242
0.4949
0.3838
0.3131
0.4545
0.4444
0.4444
0.3131
0.3131
0.4242
0.3737
0.4040
0.4545
0.4040
0.5354
0.4848
0.4444
0.3333
0.2121
0.4646
0.3030
0.3131
0.3737
0.2929
0.3636
0.3939
0.4343
0.3737
0.2323
0.3030
0.4444
0.3333
0.2828
0.4343
0.5152
0.4949
0.3838
0.4040
0.2323
0.3030
0.4848
0.4444
0.3333
0.4747
0.2626
0.4242
0.3737
0.3737
0.3535
0.4141
0.6364
0.5657
0.4646
0.7172
0.6768
0.4343
0.2828
0.4848
0.4141
0.4545
0.3939
0.4848
0.4444
0.3838
0.4646
0.4444
0.4343
0.4848
0.5455
0.3434
0.4242
0.5152
0.3939
0.5354
0.5051
0.4444
0.5657
0.4444
0.5051
0.3939
0.4848
0.5253
0.5354
0.3434
0.3636
0.4444
0.5859
0.3434
0.3434
0.5354
0.4343
0.4141
0.5152
0.5253
0.5051
0.4242
0.5354
0.3636
0.5859
0.3434
0.5556
0.5354
0.5051
0.4848
0.5657
0.3434
0.3232
0.3131
0.6061
0.5051
0.4444
0.4343
0.4848
0.5556
0.4949
0.5354
0.4545
0.5455
0.5051
0.5960
0.4242
0.3333
0.4141
0.4040
0.4848
0.5253
0.3131
0.4141
0.5253
0.5455
0.3131
0.3939
0.5051
0.4040
0.5859
0.3838
0.4949
0.6364
0.5253
0.4848
0.4242
0.5051
0.5253
0.4141
0.4747
0.5657
0.4242
0.5657
0.3939
0.4343
0.3535
0.4848
0.4343
0.4545
0.4141
0.4747
0.5758
0.4848
0.5354
0.5152
0.4747
0.5152
0.4949
0.3838
0.4747
0.5556
0.4747
0.5152
0.3737
0.4242
0.3131
0.5556
0.5455
0.4848
0.3232
0.4747
0.2020
0.5051
0.4343
0.3636
0.5152
0.6364
0.4343
0.5455
0.3939
0.3131
0.4949
0.4242
0.2828
0.3737
0.4848
0.6364
0.4040
0.3030
0.5758
0.4444
0.3333
0.5051
0.4545
0.4444
0.5960
0.4242
0.5455
0.4040
0.4444
0.5152
0.4545
0.3838
0.3131
0.4747
0.4747
0.4343
0.4747
0.4040
0.4646
0.5051
0.4646
0.5152
0.3939
0.5051
0.6061
0.5152
0.3838
0.3838
0.3838
0.3838
0.3939
0.3535
0.4545
0.3838
0.5455
0.3838
0.4646
0.4747
0.3737
0.4040
0.3131
0.4747
0.4646
0.5253
0.5455
0.4747
0.4848
0.4444
0.4444
0.5051
0.4444
0.4949
0.5152
0.4646
0.4949
0.4242
0.4545
0.5152
0.4848
0.5152
0.4646
0.4141
0.5051
0.5354
0.4949
0.4747
0.3636
0.4343
0.3838
0.5253
0.4848
0.5556
0.4848
0.5354
0.5152
0.4949
0.4141
0.4646
0.4444
0.4949
0.4545
0.5354
0.4242
0.4040
0.3939
0.4141
0.5253
0.4646
0.5455
0.4848
0.4848
0.4444
0.4949
0.5354
0.4242
0.4545
0.4949
0.4444
0.4242
0.4444
0.4949
0.3737
0.5253
0.4242
0.4848
0.4141
0.5152
0.5253
0.5455
0.5253
0.5455
0.4949
0.4141
0.4343
0.5051
0.4949
0.4141
0.4747
0.5152
0.3232
0.5051
0.4646
0.4141
0.5051
0.2929
0.3838
0.5758
0.4646
0.4444
0.4545
0.5455
0.4646
0.4747
0.3838
0.3838
0.4444
0.3737
0.4848
0.4242
0.5354
0.5354
0.3838
0.4646
0.4848
0.5253
0.4040
0.3535
0.4444
0.5354
0.5152
0.6162
0.3737
0.3838
0.4545
0.4848
0.4040
0.4141
0.4646
0.4949
0.3939
0.4343
0.5253
0.4343
0.4040
0.3535
0.4444
0.4141
0.3838
0.3333
0.4747
0.5354
0.3232
0.3434
0.3535
0.4141
0.5354
0.5657
0.4141
0.3434
0.4242
0.3535
0.4242
0.4343
0.6667
0.3939
0.3636
0.4141
0.4747
0.4343
0.3232
0.3232
0.3636
0.3737
0.5051
0.4444
0.4343
0.4444
0.6364
0.2828
0.3838
0.4242
0.5152
0.4848
0.4545
0.3636
0.5051
0.3939
0.5051
0.5253
0.3838
0.4747
0.4646
0.3939
0.3737
0.4141
0.4545
0.2929
0.4646
0.4545
0.3030
0.4545
0.5455
0.3939
0.4949
0.5758
0.5354
0.5455
0.4545
0.4949
0.5051
0.4444
0.5354
0.4545
0.5253
0.5152
0.5859
0.5556
0.4343
0.5253
0.5455
0.4444
0.3939
0.5960
0.4242
0.4141
0.4242
0.4646
0.3131
0.5051
0.4444
0.5051
0.4646
0.4040
0.4242
0.4343
0.4646
0.4141
0.3838
0.3838
0.5354
0.4747
0.3535
0.4040
0.3838
0.3838
0.4141
0.3636
0.4646
0.5152
0.5455
0.4747
0.3131
0.5556
0.4343
0.4949
0.5253
0.3535
0.6768
0.5253
0.4242
0.4949
0.4444
0.4747
0.4545
0.3232
0.3737
0.3636
0.5354
0.4343
0.3838
0.4343
0.3434
0.4949
0.4343
0.3333
0.3939
0.5051
0.4949
0.3535
0.3737
0.4040
0.4444
0.4747
0.3030
0.3232
0.4646
0.3333
0.4444
0.4646
0.5758
0.4747
0.4747
0.4040
0.4141
0.3737
0.4848
0.5152
0.4646
0.3131
0.5253
0.4343
0.3535
0.3434
0.4444
0.5253
0.4949
0.4141
0.3838
0.3737
0.5051
0.3636
0.3535
0.2929
0.5253
0.4444
0.4646
0.6061
0.3333
0.3737
0.5455
0.5152
0.3333
0.3737
0.3737
0.5152
0.4646
0.4848
0.5455
0.5758
0.6566
0.6162
0.3535
0.5960
0.3939
0.5152
0.4141
0.6263
0.6061
0.5960
0.4141
0.5152
0.3535
0.4545
0.5152
0.4545
0.4747
0.4646
0.4343
0.4747
0.3434
0.3535
0.5354
0.5960
0.4646
0.5455
0.3939
0.4949
0.4242
0.3535
0.4444
0.3636
0.4141
0.5657
0.4848
0.5960
0.3737
0.5051
0.3939
0.3535
0.3030
0.4545
0.5758
0.5354
0.4343
0.4242
0.3636
0.4242
0.4040
0.4747
0.5152
0.5152
0.4141
0.4242
0.3737
0.4747
0.3838
0.4040
0.5253
0.3939
0.4242
0.4444
0.5051
0.3636
0.4343
0.3030
0.5556
0.3737
0.3838
0.2929
0.4646
0.4747
0.3737
0.4545
0.4343
0.3333
0.3636
0.4242
0.2424
0.5253
0.3434
0.5960
0.3838
0.5455
0.3232
0.4747
0.3333
0.4848
0.4646
0.4848
0.4747
0.4949
0.3434
0.3333
0.3131
0.3939
0.5556
0.2828
0.5354
0.3838
0.4242
0.4949
0.5354
0.3838
0.3232
0.3939
0.3434
0.4747
0.3434
0.3636
0.4141
0.4141
0.3636
0.5051
0.3535
0.4242
0.5152
0.4343
0.4545
0.3232
0.4545
0.4848
0.5152
0.5758
0.3333
0.3333
0.3838
0.4242
0.3131
0.4444
0.4343
0.4242
0.5859
0.4747
0.3737
0.5253
0.4747
0.5354
0.4444
0.5051
0.3838
0.3535
0.4747
0.3636
0.3737
0.4848
0.3232
0.5354
0.5354
0.5859
0.4848
0.4141
0.3434
0.4141
0.4747
0.4545
0.4747
0.4040
0.4848
0.3939
0.3939
0.4747
0.3131
0.4242
0.3636
0.2424
0.4646
0.4444
0.3737
0.4343
0.2828
0.3434
0.4545
0.4444
0.4141
0.5051
0.3636
0.4747
0.4848
0.5354
0.5859
0.3030
0.2929
0.5152
0.5051
0.5354
0.5253
0.4040
0.4343
0.5253
0.4848
0.4343
0.5152
0.3939
0.3939
0.3333
0.4343
0.4646
0.3636
0.3333
0.4545
0.4444
0.4848
0.5455
0.2727
0.4242
0.3333
0.3232
0.4545
0.3939
0.5253
0.5253
0.4040
0.4848
0.3131
0.3737
0.3333
0.4040
0.3434
0.4242
0.5152
0.4949
0.4646
0.4545
0.3333
0.3434
0.5455
0.5758
0.4343
0.4040
0.4444
0.6364
0.6768
0.4141
0.4444
0.4747
0.4646
0.4949
0.4141
0.3636
0.3434
0.4747
0.4444
0.4242
0.5354
0.3737
0.4545
0.4444
0.3838
0.3737
0.4141
0.4646
0.4141
0.2626
0.4242
0.4646
0.5455
0.4040
0.4040
0.5556
0.4040
0.4242
0.5758
0.5051
0.3434
0.3838
0.3939
0.5152
0.5354
0.4444
0.3434
0.5758
0.4444
0.5556
0.4040
0.3939
0.3838
0.3131
0.3939
0.3535
0.4444
0.4242
0.4646
0.4444
0.3737
0.5960
0.5253
0.2929
0.3131
0.3939
0.4040
0.4848
0.3737
0.4141
0.4444
0.4848
0.3131
0.4949
0.4646
0.4141
0.4040
0.3939
0.4949
0.4848
0.5152
0.3030
0.3636
0.5253
0.4848
0.4949
0.5354
0.4545
0.5152
0.4646
0.3939
0.4646
0.4343
0.4444
0.4141
0.5152
0.3232
0.3333
0.4444
0.3535
0.3232
0.3434
0.4949
0.5253
0.4848
0.4040
0.4949
0.5556
0.5253
0.4242
0.3737
0.6869
0.5657
0.4343
0.4444
0.4343
0.4242
0.4848
0.4949
0.4646
0.5253
0.4545
0.4040
0.5556
0.3636
0.5051
0.4444
0.4949
0.4646
0.6162
0.4646
0.3939
0.4343
0.3838
0.3838
0.4343
0.3636
0.4949
0.4040
0.4141
0.4444
0.3232
0.4343
0.4343
0.5455
0.5051
0.3939
0.4646
0.4444
0.4040
0.3737
0.4545
0.4040
0.4343
0.4040
0.5152
0.4646
0.3333
0.4040
0.4949
0.4848
0.4848
0.5253
0.4141
0.4343
0.5758
0.5152
0.5960
0.3636
0.5657
0.4848
0.4949
0.5253
0.4040
0.3333
0.2929
0.4848
0.4141
0.5253
0.3838
0.5253
0.3939
0.4141
0.3838
0.5253
0.4242
0.4040
0.4444
0.3131
0.5152
0.3737
0.4949
0.2424
0.4848
0.5253
0.5152
0.4040
0.3737
0.4242
0.3939
0.4646
0.5253
0.3333
0.4343
0.5455
0.5556
0.5960
0.5859
0.4848
