0.4844
0.4721
0.4786
0.4234
0.4891
0.4046
0.4686
0.3335
0.4422
0.4921
0.4574
0.5191
0.4087
0.4574
0.4557
0.4803
0.4063
0.4639
0.3247
0.4645
0.4381
0.4151
0.4862
0.4533
0.3365
0.4627
0.3817
0.5026
0.4709
0.4416
0.4674
0.3688
0.4880
0.4674
0.4709
0.4839
0.4750
0.4369
0.4780
0.4786
0.4492
0.3464
0.4187
0.4163
0.4316
0.4745
0.4304
0.4586
0.4962
0.4698
0.3911
0.4357
0.4692
0.4709
0.4392
0.4797
0.3899
0.5009
0.5003
0.4974
0.4516
0.4439
0.4357
0.4574
0.4539
0.4580
0.4862
0.4692
0.4680
0.4486
0.4932
0.4574
0.4005
0.4498
0.4105
0.4557
0.4134
0.4962
0.4668
0.4316
0.4821
0.4756
0.3787
0.4721
0.4656
0.4733
0.4915
0.3652
0.4580
0.4474
0.4762
0.4932
0.3905
0.4733
0.4850
0.4827
0.3981
0.4457
0.4234
