0.4521
0.4692
0.4903
0.3723
0.5038
0.3752
0.4392
0.3230
0.4110
0.4668
0.4257
0.4727
0.3829
0.4568
0.4210
0.4627
0.3664
0.4574
0.3059
0.4210
0.4498
0.3752
0.4844
0.4245
0.3042
0.4245
0.3464
0.4809
0.4292
0.4116
0.4715
0.3312
0.4369
0.4463
0.4398
0.4938
0.4598
0.4081
0.4762
0.4533
0.4257
0.3142
0.4116
0.3952
0.4275
0.4692
0.4087
0.4498
0.4656
0.4568
0.3470
0.3958
0.4674
0.4486
0.4175
0.4762
0.3482
0.4897
0.4850
0.4844
0.4398
0.4269
0.4251
0.4222
0.4339
0.4521
0.4551
0.4510
0.4345
0.4257
0.4592
0.4474
0.3793
0.4463
0.3870
0.4263
0.4016
0.4792
0.4639
0.4040
0.4903
0.4521
0.3541
0.4574
0.4610
0.4580
0.4944
0.3382
0.4304
0.4105
0.4510
0.4551
0.3582
0.4850
0.4950
0.4621
0.4058
0.4275
0.4058
