0.4756
0.5050
0.4932
0.4263
0.4950
0.4245
0.4786
0.3629
0.4386
0.4780
0.4633
0.4680
0.4263
0.4510
0.4422
0.4557
0.4862
0.4216
0.4821
0.3412
0.4786
0.4733
0.4187
0.4932
0.4439
0.3412
0.4651
0.3922
0.4944
0.4563
0.4574
0.4850
0.3746
0.4809
0.4709
0.4856
0.4991
0.4786
0.4416
0.5161
0.4862
0.4568
0.3693
0.4181
0.4263
0.4539
0.4739
0.4375
0.5138
0.4956
0.4762
0.3917
0.4498
0.4903
0.4874
0.4427
0.4768
0.3911
0.4827
0.5068
0.4932
0.4604
0.4615
0.4574
0.4627
0.4598
0.4645
0.4974
0.4750
0.4739
0.4545
0.4827
0.4956
0.4228
0.4516
0.4157
0.4750
0.4187
0.4962
0.4844
0.4568
0.5073
0.4921
0.3905
0.4762
0.4844
0.4756
0.4985
0.3758
0.4627
0.4381
0.4797
0.5026
0.4046
0.4774
0.4909
0.4645
0.4046
0.4427
0.4257
