0.5657
0.4646
0.4343
0.3434
0.4444
0.3333
0.3535
0.3737
0.4545
0.3232
0.4242
0.3939
0.5152
0.3131
0.5253
0.4141
0.3939
0.4949
0.4444
0.3535
0.3737
0.4242
0.3333
0.3939
0.4848
0.3333
0.4040
0.3636
0.3636
0.4444
0.5253
0.4242
0.3737
0.3939
0.4242
0.4141
0.4545
0.5051
0.3737
0.4848
0.4646
0.4444
0.4343
0.3636
0.3535
0.4141
0.5152
0.4545
0.5354
0.4040
0.4848
0.3737
0.4040
0.3636
0.4343
0.4040
0.3131
0.5051
0.4343
0.4545
0.4242
0.5253
0.4848
0.4242
0.3939
0.4141
0.4040
0.4242
0.3131
0.5556
0.4343
0.3939
0.3737
0.4242
0.4343
0.3939
0.4040
0.4141
0.3333
0.4242
0.4949
0.4646
0.4343
0.4747
0.3131
0.3838
0.4545
0.3939
0.4545
0.3838
0.4646
0.4444
0.4444
0.3737
0.3535
0.4747
0.3737
0.5152
0.4848
0.4444
0.5859
0.3939
0.4747
0.4040
0.4242
0.4444
0.3232
0.4545
0.4949
0.3838
0.4242
0.4949
0.4545
0.3838
0.3434
0.2929
0.3030
0.3232
0.4848
0.3838
0.3333
0.4646
0.5354
0.4141
0.4747
0.3232
0.3232
0.3232
0.5051
0.4343
0.4747
0.5859
0.3939
0.4949
0.4343
0.3434
0.4141
0.5253
0.3232
0.3838
0.3434
0.3939
0.3838
0.5253
0.6465
0.3838
0.3232
0.3838
0.4242
0.2929
0.3939
0.4444
0.4141
0.3939
0.3434
0.3434
0.3939
0.3737
0.3636
0.3838
0.4242
0.3030
0.3939
0.4242
0.3333
0.4444
0.3838
0.2828
0.4242
0.4141
0.4444
0.3333
0.3131
0.4646
0.4242
0.4747
0.4848
0.5253
0.5253
0.4141
0.4141
0.5152
0.5051
0.3737
0.4545
0.3030
0.3434
0.4747
0.3939
0.4646
0.4141
0.4444
0.5152
0.3737
0.3636
0.4646
0.5152
0.5152
0.4949
0.3939
0.3232
0.3737
0.4141
0.4646
0.4040
0.3838
0.5051
0.4343
0.4141
0.3939
0.4545
0.4444
0.4646
0.4242
0.3838
0.3838
0.4848
0.3737
0.4545
0.5051
0.3737
0.3939
0.3636
0.4949
0.4343
0.4343
0.2222
0.5253
0.3737
0.3838
0.4848
0.3535
0.2828
0.5657
0.3838
0.4444
0.5152
0.4747
0.4141
0.4848
0.3636
0.3737
0.3131
0.3535
0.4646
0.5354
0.5051
0.3838
0.3939
0.4848
0.4444
0.5455
0.4747
0.4444
0.3939
0.4646
0.4949
0.4343
0.4949
0.4949
0.4444
0.3535
0.4141
0.4343
0.4242
0.5354
0.3838
0.4040
0.3535
0.4444
0.4141
0.4646
0.4848
0.4242
0.4848
0.5455
0.4040
0.3939
0.4343
0.4343
0.5455
0.5051
0.3636
0.3333
0.3333
0.4848
0.4747
0.3636
0.4141
0.3535
0.4343
0.5354
0.4343
0.4141
0.4242
0.4141
0.4141
0.3838
0.4343
0.4444
0.4949
0.4040
0.4141
0.4444
0.3939
0.3333
0.4141
0.5051
0.4343
0.3535
0.3838
0.4444
0.3636
0.5253
0.4141
0.4444
0.5556
0.4242
0.4545
0.4242
0.5051
0.4343
0.3838
0.4848
0.3434
0.3232
0.4343
0.4343
0.4949
0.4646
0.4040
0.5051
0.3636
0.4646
0.4646
0.5152
0.4242
0.3434
0.3737
0.3636
0.4444
0.4141
0.3333
0.4848
0.4040
0.4747
0.3737
0.4444
0.5253
0.3232
0.3636
0.4141
0.4747
0.4040
0.3232
0.5556
0.4646
0.4949
0.5657
0.4040
0.4545
0.5051
0.4949
0.4848
0.4545
0.5051
0.4343
0.3535
0.3939
0.4545
0.3434
0.3333
0.3333
0.3535
0.3939
0.4141
0.4848
0.4242
0.4141
0.4242
0.3232
0.4343
0.2929
0.3232
0.3838
0.5253
0.4747
0.3939
0.3131
0.3838
0.3939
0.3737
0.4141
0.4141
0.3434
0.2626
0.4040
0.5152
0.4747
0.4545
0.4242
0.5253
0.4040
0.4141
0.4343
0.3737
0.3333
0.3737
0.3535
0.5253
0.4545
0.4646
0.4040
0.5051
0.4242
0.4646
0.4242
0.5051
0.4545
0.4747
0.5152
0.5152
0.5253
0.4848
0.4242
0.4848
0.4444
0.4545
0.5253
0.3939
0.4343
0.3535
0.5556
0.4646
0.5859
0.4141
0.4949
0.4444
0.4949
0.5253
0.4141
0.4141
0.4545
0.4343
0.4141
0.4141
0.3333
0.4545
0.3636
0.4444
0.4747
0.3737
0.4242
0.4343
0.4444
0.4141
0.5051
0.4040
0.4848
0.4141
0.4545
0.4646
0.4242
0.4040
0.4141
0.5455
0.4242
0.5051
0.4343
0.4040
0.4040
0.3333
0.5152
0.5152
0.3131
0.4040
0.5354
0.5354
0.3333
0.4444
0.4444
0.3939
0.3838
0.5152
0.4343
0.4242
0.4343
0.2626
0.5455
0.3838
0.4646
0.4343
0.5455
0.4444
0.4242
0.4242
0.4343
0.4040
0.4545
0.4848
0.4646
0.4040
0.4646
0.4848
0.4949
0.4141
0.3838
0.3838
0.4949
0.4444
0.5354
0.3636
0.4949
0.4848
0.3737
0.4545
0.4040
0.4141
0.4848
0.4949
0.4040
0.4343
0.5152
0.4545
0.5152
0.3535
0.4949
0.4242
0.4141
0.3939
0.4848
0.5455
0.5960
0.4343
0.4949
0.3333
0.4444
0.4949
0.4141
0.4949
0.4242
0.3535
0.3434
0.3434
0.4646
0.5051
0.4141
0.4949
0.4646
0.3434
0.3232
0.4646
0.3939
0.5051
0.4646
0.4242
0.4949
0.3232
0.4242
0.4040
0.4343
0.3838
0.4141
0.4141
0.4141
0.5253
0.4747
0.4545
0.4848
0.3434
0.4646
0.4040
0.3939
0.4141
0.5253
0.3636
0.3939
0.5152
0.6162
0.3737
0.3434
0.3939
0.3030
0.4646
0.5152
0.4545
0.4141
0.4747
0.5556
0.5152
0.4343
0.3434
0.5152
0.3838
0.4141
0.4040
0.3232
0.5051
0.4646
0.5556
0.4747
0.4444
0.4242
0.3939
0.3636
0.3333
0.4949
0.4646
0.4545
0.3838
0.4747
0.4646
0.4343
0.5556
0.4848
0.5152
0.4545
0.4646
0.4747
0.3939
0.3434
0.4141
0.3939
0.4646
0.4040
0.4646
0.4545
0.3535
0.4747
0.5152
0.4141
0.4747
0.4444
0.4343
0.5051
0.3535
0.4343
0.4646
0.4545
0.4848
0.4747
0.4040
0.4646
0.4747
0.4444
0.3636
0.3838
0.4141
0.4444
0.3838
0.3333
0.4646
0.5051
0.4747
0.4848
0.5051
0.5354
0.4747
0.4242
0.4242
0.5051
0.4242
0.5253
0.4747
0.3838
0.4646
0.3636
0.4545
0.4545
0.4545
0.4343
0.4343
0.4242
0.4444
0.4444
0.4242
0.4444
0.3636
0.4848
0.4141
0.2727
0.4646
0.3838
0.3939
0.4242
0.5051
0.5758
0.5455
0.4343
0.3737
0.5455
0.4646
0.3838
0.4444
0.3939
0.4646
0.3737
0.4747
0.4343
0.5051
0.4343
0.4949
0.5253
0.3939
0.3535
0.5051
0.3737
0.4747
0.4949
0.5051
0.3737
0.4242
0.5556
0.4040
0.4848
0.4545
0.4545
0.4949
0.4040
0.3636
0.5253
0.4242
0.4949
0.4747
0.5556
0.5354
0.5152
0.4949
0.3939
0.4848
0.4646
0.4646
0.4141
0.4242
0.4545
0.4040
0.4646
0.4646
0.4949
0.5758
0.4646
0.4444
0.4343
0.2525
0.5152
0.3737
0.3939
0.4141
0.3636
0.4040
0.4949
0.4545
0.3838
0.3131
0.3535
0.4040
0.3939
0.4040
0.4242
0.4646
0.5960
0.5051
0.3939
0.3434
0.3333
0.4747
0.5354
0.3737
0.5051
0.3737
0.4646
0.3838
0.4545
0.3737
0.3737
0.5758
0.4848
0.4040
0.6061
0.5758
0.4646
0.4242
0.4747
0.3939
0.5051
0.4949
0.4848
0.4646
0.3838
0.4747
0.4343
0.4848
0.4949
0.4545
0.4242
0.4646
0.5354
0.4141
0.5556
0.4949
0.4949
0.5152
0.4545
0.4646
0.3131
0.4848
0.5051
0.5556
0.3535
0.3737
0.4646
0.5051
0.3636
0.4141
0.5051
0.3636
0.4141
0.5152
0.5152
0.4848
0.4545
0.4747
0.3939
0.4545
0.4545
0.5758
0.4646
0.4747
0.4848
0.5657
0.3939
0.4747
0.3434
0.4444
0.4242
0.4545
0.5657
0.5152
0.5354
0.4444
0.5354
0.4040
0.5354
0.5455
0.5657
0.4949
0.3333
0.4141
0.4747
0.5051
0.5556
0.4141
0.4242
0.5455
0.5556
0.3535
0.3939
0.5859
0.5051
0.5051
0.4040
0.4848
0.4747
0.4848
0.4848
0.4545
0.5960
0.5253
0.5455
0.3636
0.5051
0.4848
0.5859
0.5051
0.5051
0.4040
0.5253
0.4242
0.4646
0.5051
0.4141
0.5556
0.4747
0.4848
0.5253
0.4949
0.5152
0.5455
0.4848
0.4343
0.4848
0.4848
0.5455
0.4949
0.5152
0.3737
0.5455
0.4848
0.3636
0.3131
0.4444
0.2929
0.4545
0.4646
0.3636
0.5253
0.5657
0.4545
0.5859
0.4141
0.4040
0.4545
0.5051
0.3636
0.4646
0.4848
0.5354
0.4343
0.4242
0.5758
0.4444
0.3131
0.4545
0.5152
0.5455
0.6162
0.3939
0.4747
0.4949
0.3737
0.4949
0.4848
0.4444
0.4141
0.5657
0.5455
0.4747
0.5051
0.3636
0.4343
0.5152
0.3838
0.4747
0.4747
0.4343
0.4646
0.5152
0.3838
0.4040
0.3939
0.3636
0.4747
0.4343
0.4141
0.3434
0.5253
0.4444
0.4848
0.4444
0.3939
0.4848
0.3232
0.4343
0.4545
0.4646
0.5051
0.4545
0.5556
0.4545
0.4949
0.3939
0.4747
0.4242
0.4848
0.4444
0.3434
0.4545
0.4444
0.5253
0.5859
0.4848
0.5152
0.4747
0.5253
0.5758
0.5152
0.5455
0.3838
0.4343
0.5051
0.4848
0.5253
0.4444
0.4646
0.4646
0.5253
0.4747
0.4949
0.5556
0.4848
0.4141
0.5859
0.5758
0.4848
0.5051
0.4646
0.4141
0.5354
0.5455
0.5051
0.4242
0.4848
0.4444
0.5960
0.5152
0.4747
0.4848
0.4646
0.4646
0.5253
0.4444
0.5253
0.3535
0.5354
0.5152
0.5455
0.4848
0.5758
0.5051
0.4646
0.5152
0.4444
0.4949
0.5354
0.4444
0.5859
0.4848
0.4949
0.4949
0.4343
0.4949
0.4646
0.5253
0.5455
0.5354
0.3838
0.4242
0.4949
0.4141
0.4848
0.4242
0.4747
0.4848
0.5859
0.4545
0.4545
0.4848
0.3737
0.5051
0.3939
0.5455
0.5354
0.4343
0.4747
0.5657
0.4949
0.4141
0.4848
0.5051
0.5455
0.4545
0.5152
0.3939
0.3838
0.4545
0.5051
0.4848
0.3737
0.4545
0.5152
0.4949
0.4949
0.4949
0.4545
0.3737
0.4848
0.5152
0.3838
0.4646
0.3939
0.4343
0.5152
0.4242
0.4242
0.4242
0.4646
0.5253
0.5354
0.5051
0.4040
0.4646
0.4242
0.5859
0.4747
0.5354
0.4040
0.4343
0.4545
0.4848
0.4242
0.3838
0.3838
0.4848
0.3838
0.5657
0.4040
0.5354
0.4444
0.5960
0.3636
0.5051
0.5354
0.4343
0.5354
0.4949
0.3535
0.5253
0.4242
0.4646
0.5051
0.5051
0.4747
0.4040
0.4444
0.4040
0.4646
0.4444
0.4040
0.4040
0.4545
0.3535
0.3838
0.6162
0.3939
0.5051
0.4747
0.5253
0.6061
0.5556
0.5556
0.5657
0.5152
0.4848
0.4040
0.4444
0.5354
0.5657
0.6162
0.4444
0.4444
0.5253
0.4646
0.5455
0.6263
0.4141
0.5253
0.4040
0.4444
0.5152
0.4747
0.4545
0.4646
0.4949
0.3838
0.5455
0.5152
0.4646
0.4343
0.3737
0.4545
0.4646
0.4747
0.4545
0.5556
0.4040
0.4545
0.4444
0.3535
0.4646
0.4444
0.5354
0.4848
0.3636
0.5051
0.4848
0.3939
0.5051
0.4545
0.5859
0.5051
0.3939
0.5455
0.4242
0.4242
0.4242
0.4141
0.4343
0.4444
0.4848
0.5152
0.4646
0.4545
0.3535
0.3939
0.4141
0.4040
0.4646
0.5253
0.5253
0.4646
0.5354
0.4141
0.3737
0.4747
0.4343
0.4141
0.5253
0.4343
0.4949
0.4141
0.5556
0.5253
0.4747
0.4747
0.4848
0.4949
0.4646
0.4747
0.4545
0.4747
0.5152
0.5152
0.4141
0.4242
0.4242
0.4646
0.4545
0.4141
0.4141
0.5253
0.4747
0.4949
0.4545
0.4141
0.5556
0.4141
0.4949
0.5253
0.3838
0.3636
0.5152
0.5253
0.3737
0.4545
0.3939
0.5253
0.4747
0.4242
0.5253
0.4848
0.4949
0.5960
0.4646
0.4949
0.4747
0.5051
0.4242
0.6061
0.5354
0.5556
0.4545
0.4747
0.4242
0.5051
0.5051
0.4646
0.5051
0.4444
0.4040
0.5455
0.3838
0.4747
0.4747
0.5354
0.5758
0.4747
0.4242
0.4949
0.4343
0.3636
0.4040
0.4444
0.4444
0.5455
0.5758
0.5253
0.3636
0.4949
0.4444
0.3838
0.3232
0.5960
0.5455
0.5455
0.4343
0.4646
0.4545
0.3636
0.4949
0.4848
0.5556
0.5657
0.4949
0.5455
0.3838
0.4141
0.3939
0.4242
0.4444
0.3838
0.4646
0.3939
0.4545
0.4040
0.4747
0.3636
0.4848
0.4444
0.4646
0.3636
0.4646
0.5051
0.4242
0.4747
0.4343
0.4646
0.4545
0.4646
0.3434
0.4949
0.3434
0.5556
0.4646
0.5556
0.4242
0.4848
0.4444
0.3737
0.4141
0.4242
0.4646
0.4141
0.3939
0.3535
0.4343
0.4343
0.4949
0.3939
0.6061
0.4949
0.3737
0.4949
0.5556
0.4545
0.3737
0.5354
0.3838
0.3939
0.3434
0.3737
0.4444
0.4747
0.4545
0.4949
0.3939
0.4747
0.5253
0.4848
0.4949
0.4343
0.4848
0.4747
0.5051
0.5758
0.3333
0.4646
0.3838
0.4242
0.3636
0.4040
0.3939
0.4141
0.4747
0.4646
0.3434
0.4242
0.5253
0.5152
0.4848
0.5657
0.3838
0.4444
0.4848
0.4242
0.4444
0.5051
0.4646
0.5960
0.4848
0.5859
0.5051
0.4040
0.4747
0.3939
0.4242
0.4747
0.4747
0.3838
0.4949
0.4949
0.4545
0.5354
0.3838
0.4545
0.4141
0.3232
0.5253
0.4646
0.4242
0.4848
0.3737
0.4343
0.4343
0.4848
0.3939
0.4747
0.4343
0.4545
0.4747
0.5556
0.5455
0.4646
0.3636
0.4848
0.4141
0.5051
0.5152
0.4848
0.4343
0.4747
0.4343
0.4949
0.5152
0.4949
0.3737
0.3636
0.4444
0.4747
0.4747
0.4343
0.4040
0.5051
0.4141
0.5051
0.4040
0.4949
0.4141
0.3535
0.3737
0.4545
0.4646
0.4949
0.4545
0.5051
0.3737
0.4545
0.3939
0.4141
0.4343
0.4242
0.5657
0.4646
0.4444
0.4444
0.4242
0.4444
0.4646
0.4848
0.5152
0.5051
0.4646
0.5758
0.6061
0.4242
0.4141
0.4646
0.4343
0.5152
0.4747
0.4545
0.3333
0.4646
0.3434
0.4949
0.3939
0.4444
0.4848
0.4444
0.4242
0.3939
0.4848
0.5354
0.4848
0.3232
0.5051
0.4545
0.4545
0.3939
0.5051
0.4949
0.4848
0.4444
0.5455
0.5051
0.4545
0.4242
0.4545
0.5556
0.4747
0.4141
0.4545
0.5354
0.5051
0.4949
0.4545
0.3838
0.4141
0.3939
0.4646
0.3737
0.4545
0.4545
0.4545
0.4141
0.3737
0.4747
0.5657
0.4242
0.3636
0.3535
0.4646
0.5152
0.4242
0.3434
0.4646
0.5152
0.3838
0.4848
0.4444
0.4141
0.4343
0.3939
0.4545
0.4848
0.5051
0.3535
0.4747
0.5253
0.4141
0.4747
0.4848
0.4545
0.4141
0.4141
0.3939
0.4242
0.4545
0.4141
0.4141
0.5354
0.4040
0.4343
0.4444
0.4040
0.3838
0.3838
0.4343
0.4949
0.4343
0.4141
0.4343
0.4646
0.5556
0.4141
0.4343
0.5758
0.5455
0.4747
0.4242
0.5051
0.3939
0.4343
0.4848
0.4444
0.4747
0.4545
0.3333
0.4747
0.4545
0.4646
0.4444
0.4848
0.5354
0.5354
0.5051
0.4343
0.4646
0.3939
0.3636
0.3636
0.3939
0.4747
0.4141
0.4444
0.5051
0.3131
0.4343
0.4545
0.5051
0.3838
0.4747
0.5051
0.4646
0.3737
0.4545
0.4848
0.4141
0.4646
0.4343
0.5152
0.4343
0.3535
0.4040
0.4949
0.4242
0.4444
0.5253
0.4141
0.4141
0.5455
0.5455
0.4848
0.4343
0.6465
0.5657
0.5758
0.4949
0.4949
0.4343
0.3636
0.5253
0.4444
0.5051
0.4747
0.4141
0.4545
0.4343
0.5354
0.6364
0.3838
0.4848
0.5253
0.3838
0.5354
0.3939
0.3737
0.3838
0.5253
0.5354
0.4646
0.4343
0.4343
0.4545
0.3939
0.5051
0.4949
0.3939
0.4646
0.5859
0.5354
0.5455
0.4848
0.4747
