0.7071
0.6364
0.6768
0.6263
0.6667
0.6869
0.6364
0.6162
0.7172
0.5960
0.6465
0.6768
0.6263
0.6667
0.6869
0.6061
0.6869
0.6465
0.6970
0.5758
0.6465
0.5960
0.6465
0.6869
0.6061
0.6061
0.6768
0.6667
0.6869
0.6566
0.5758
0.7576
0.6566
0.6566
0.5859
0.6263
0.6465
0.6768
0.6970
0.6465
0.7273
0.5859
0.6162
0.6465
0.6465
0.6263
0.6162
0.6768
0.6162
0.6061
0.7475
0.6768
0.6768
0.6768
0.6970
0.6566
0.6465
0.6465
0.5758
0.6869
0.7374
0.5657
0.6869
0.6566
0.6667
0.7172
0.6566
0.6465
0.6465
0.6768
0.6667
0.6869
0.6566
0.6263
0.6566
0.6263
0.6162
0.6566
0.5354
0.7071
0.6768
0.5657
0.6566
0.6162
0.7172
0.6869
0.7172
0.6465
0.6566
0.6667
0.7677
0.6061
0.6364
0.7576
0.6667
0.7778
0.7172
0.7273
0.6566
0.6061
0.6566
0.5859
0.6768
0.6970
0.6566
0.7273
0.7071
0.6465
0.7071
0.6566
0.6364
0.5859
0.7172
0.6465
0.6465
0.6768
0.6566
0.6970
0.6162
0.7374
0.7576
0.7677
0.6364
0.6869
0.6465
0.6869
0.6869
0.6667
0.7172
0.7071
0.5657
0.7071
0.7172
0.6667
0.6667
0.6667
0.5960
0.6566
0.6768
0.7172
0.6667
0.6970
0.6768
0.6869
0.7374
0.6869
0.7475
0.6465
0.7475
0.5960
0.6263
0.7778
0.6667
0.6566
0.7172
0.6869
0.7071
0.7374
0.7374
0.7374
0.6768
0.5657
0.7980
0.5859
0.6970
0.6061
0.6566
0.5859
0.5859
0.6263
0.7172
0.7071
0.7374
0.7172
0.7071
0.6970
0.6465
0.6667
0.7071
0.5960
0.6667
0.6768
0.6768
0.6364
0.6970
0.6768
0.6970
0.6364
0.6970
0.6465
0.5859
0.6465
0.6566
0.7071
0.6768
0.6465
0.6263
0.5960
0.5455
0.6667
0.5859
0.6667
0.6566
0.7273
0.6364
0.6465
0.7374
0.6566
0.6263
0.6263
0.6263
0.5859
0.6768
0.7172
0.6768
0.7071
0.6566
0.6869
0.7677
0.7172
0.6263
0.7374
0.6768
0.6869
0.7172
0.6162
0.6465
0.6566
0.5556
0.6061
0.6970
0.6061
0.6566
0.6566
0.6465
0.6869
0.5859
0.6667
0.6970
0.7273
0.6263
0.7273
0.7778
0.6162
0.6667
0.6465
0.6768
0.6364
0.6970
0.7879
0.6162
0.5960
0.6869
0.6667
0.6768
0.6566
0.6970
0.7172
0.6364
0.7273
0.6566
0.7374
0.5455
0.6364
0.6465
0.6263
0.5960
0.7576
0.6566
0.6465
0.7172
0.6364
0.6162
0.6162
0.6465
0.5859
0.7273
0.6970
0.7172
0.6869
0.6768
0.6162
0.6869
0.6263
0.6768
0.7273
0.6869
0.6768
0.6162
0.7172
0.7273
0.6263
0.6869
0.7172
0.6869
0.6364
0.6364
0.6869
0.6869
0.6162
0.6061
0.6970
0.6566
0.6061
0.5859
0.5859
0.6263
0.6162
0.6465
0.6364
0.6364
0.6566
0.5960
0.5455
0.6162
0.6263
0.6061
0.6364
0.6970
0.6566
0.6768
0.6263
0.5657
0.5354
0.6162
0.5960
0.6667
0.5960
0.7273
0.6869
0.6970
0.6566
0.6869
0.6465
0.6667
0.6667
0.5960
0.6263
0.6162
0.7172
0.6667
0.7273
0.6364
0.5859
0.6667
0.6364
0.6263
0.7071
0.6364
0.6768
0.6566
0.7172
0.6667
0.6364
0.6768
0.6162
0.7071
0.6970
0.5455
0.6667
0.6263
0.7374
0.6768
0.6465
0.6869
0.6869
0.5354
0.6364
0.6869
0.6667
0.7980
0.6364
0.6263
0.6566
0.6970
0.6667
0.6869
0.7071
0.7273
0.6364
0.6667
0.7273
0.7172
0.6970
0.6566
0.7071
0.6566
0.6263
0.5859
0.7273
0.6263
0.7071
0.6768
0.5960
0.6465
0.6667
0.6364
0.6263
0.6768
0.6263
0.6364
0.6869
0.7475
0.6768
0.7374
0.6667
0.6566
0.6768
0.5960
0.6364
0.6768
0.7071
0.7071
0.7677
0.6768
0.6364
0.7475
0.6869
0.6566
0.5455
0.7071
0.7475
0.6768
0.6566
0.6061
0.5960
0.7172
0.6465
0.6465
0.6566
0.5960
0.6364
0.6869
0.5960
0.6162
0.6162
0.7576
0.5758
0.6667
0.5455
0.6162
0.6364
0.6263
0.6263
0.6768
0.6869
0.7677
0.7172
0.6465
0.5960
0.6566
0.5758
0.6364
0.5960
0.6869
0.7172
0.7273
0.5657
0.7071
0.6768
0.6566
0.6162
0.5859
0.6768
0.6768
0.6566
0.6869
0.6162
0.7576
0.7273
0.6566
0.6061
0.6768
0.6667
0.5960
0.6364
0.6768
0.6869
0.7273
0.6566
0.6364
0.6263
0.5859
0.6263
0.6970
0.5354
0.6566
0.6667
0.6566
0.7071
0.6768
0.6465
0.6566
0.5455
0.6465
0.7172
0.7071
0.5657
0.6566
0.5960
0.6566
0.6869
0.6869
