0.7010
0.7109
0.6812
0.6673
0.6752
0.6812
0.6614
0.6653
0.6772
0.6792
0.6752
0.7188
0.6851
0.6495
0.6337
0.6277
0.6653
0.6931
0.6475
0.6713
0.6535
0.6871
0.6752
0.6475
0.6416
0.6554
0.6634
0.6475
0.6931
0.6455
0.7010
0.6673
0.6218
0.6495
0.6673
0.6436
0.6851
0.6851
0.6416
0.6792
0.6594
0.7366
0.6436
0.6970
0.6455
0.6950
0.6772
0.6950
0.6733
0.6614
0.6713
0.6416
0.6495
0.6950
0.6475
0.6535
0.6931
0.6832
0.6891
0.6891
0.7188
0.6673
0.6733
0.6950
0.6455
0.6713
0.6455
0.6317
0.6812
0.6356
0.6653
0.6673
0.6832
0.6554
0.7069
0.6752
0.7069
0.6970
0.6713
0.6733
0.6455
0.7050
0.6614
0.6713
0.6218
0.6356
0.6277
0.6337
0.6772
0.6733
0.6436
0.7129
0.6990
0.6970
0.6614
0.6416
0.7030
0.6970
0.6871
0.6614
