0.7208
0.6733
0.6436
0.6634
0.6574
0.6832
0.6614
0.6337
0.6634
0.6772
0.6713
0.6733
0.6574
0.6356
0.6752
0.6257
0.6594
0.6911
0.6475
0.6812
0.6099
0.6752
0.6515
0.6693
0.6356
0.6297
0.6614
0.6594
0.6436
0.6238
0.6693
0.6356
0.5980
0.6871
0.6713
0.6079
0.6376
0.6614
0.5960
0.6297
0.6594
0.6911
0.5980
0.6653
0.6792
0.6376
0.6614
0.6950
0.6376
0.6673
0.6792
0.6297
0.6733
0.6851
0.6317
0.6455
0.6673
0.6198
0.6792
0.6693
0.6891
0.7168
0.6713
0.6614
0.6535
0.6673
0.6396
0.6257
0.6594
0.6574
0.6297
0.6376
0.6733
0.6178
0.6891
0.7010
0.6871
0.6673
0.6436
0.6950
0.6851
0.6871
0.6337
0.6317
0.6713
0.6871
0.6495
0.6653
0.6812
0.6059
0.6990
0.7188
0.6733
0.6792
0.6515
0.7010
0.6832
0.6812
0.6218
0.6832
