0.6561
0.6938
0.6402
0.6481
0.6680
0.7177
0.6899
0.6302
0.6282
0.6282
0.6521
0.6819
0.6362
0.6342
0.6759
0.6302
0.6620
0.6740
0.6581
0.6740
0.6402
0.6759
0.6521
0.6521
0.6561
0.6282
0.6700
0.6720
0.6561
0.6521
0.6759
0.6759
0.6262
0.6461
0.6899
0.6282
0.6461
0.6759
0.6163
0.6561
0.6581
0.6660
0.6282
0.6819
0.6461
0.6421
0.6521
0.6680
0.6183
0.7058
0.6819
0.6064
0.6839
0.6362
0.6421
0.6600
0.6243
0.6441
0.6720
0.6481
0.6660
0.6620
0.6740
0.6600
0.6740
0.6541
0.6541
0.6481
0.6521
0.6700
0.6640
0.6581
0.6779
0.6441
0.7038
0.6998
0.6998
0.6600
0.6461
0.6561
0.7058
0.6680
0.6620
0.6203
0.7038
0.6720
0.6600
0.6779
0.6640
0.6183
0.6918
0.7217
0.6660
0.6660
0.6541
0.6501
0.6799
0.6620
0.6183
0.6541
