0.6595
0.6533
0.6354
0.6527
0.6389
0.6623
0.6630
0.5865
0.6340
0.6499
0.6265
0.6306
0.6492
0.6320
0.6720
0.6485
0.6533
0.6561
0.5403
0.6465
0.6533
0.6513
0.6554
0.6471
0.4735
0.6595
0.6478
0.6747
0.6630
0.6706
0.6761
0.6258
0.6540
0.6554
0.6520
0.6664
0.6775
0.6347
0.6623
0.6499
0.6444
0.4707
0.6533
0.6354
0.6540
0.6589
0.6561
0.6423
0.6733
0.6278
0.6368
0.6623
0.6506
0.6285
0.6575
0.6664
0.5920
0.6623
0.6775
0.6582
0.6320
0.6340
0.6575
0.6492
0.6196
0.6637
0.6630
0.6375
0.6637
0.6272
0.6471
0.6582
0.5789
0.6733
0.6216
0.6733
0.6141
0.6568
0.6492
0.6506
0.6664
0.6451
0.6161
0.6657
0.6347
0.6706
0.6623
0.5217
0.6223
0.6864
0.6568
0.6561
0.6258
0.6506
0.6726
0.6568
0.5748
0.6389
0.6671
