0.6340
0.6451
0.6354
0.6444
0.6568
0.6775
0.6499
0.6023
0.6409
0.6409
0.6354
0.6361
0.6609
0.6506
0.6713
0.6430
0.6609
0.6609
0.5603
0.6589
0.6637
0.6699
0.6699
0.6499
0.4666
0.6919
0.6733
0.6678
0.6616
0.6788
0.6616
0.6444
0.6389
0.6485
0.6175
0.6527
0.6561
0.6347
0.6657
0.6533
0.6561
0.4735
0.6451
0.6554
0.6430
0.6492
0.6602
0.6465
0.6726
0.6223
0.6292
0.6506
0.6265
0.6389
0.6485
0.6644
0.6010
0.6623
0.6692
0.6589
0.6444
0.6382
0.6189
0.6499
0.6306
0.6451
0.6527
0.6396
0.6554
0.6327
0.6595
0.6430
0.5782
0.6830
0.6230
0.6602
0.6423
0.6533
0.6644
0.6499
0.6699
0.6458
0.6051
0.6809
0.6361
0.6595
0.6699
0.5403
0.6506
0.6788
0.6726
0.6520
0.6389
0.6595
0.6651
0.6637
0.5817
0.6409
0.6988
