0.6340
0.6437
0.6368
0.6465
0.6568
0.6795
0.6513
0.5968
0.6416
0.6416
0.6382
0.6347
0.6568
0.6582
0.6726
0.6485
0.6589
0.6609
0.5644
0.6595
0.6699
0.6664
0.6651
0.6520
0.4659
0.6899
0.6699
0.6692
0.6616
0.6802
0.6616
0.6492
0.6375
0.6492
0.6147
0.6540
0.6595
0.6347
0.6706
0.6506
0.6602
0.4735
0.6444
0.6533
0.6416
0.6520
0.6602
0.6471
0.6733
0.6292
0.6272
0.6554
0.6272
0.6382
0.6485
0.6657
0.5955
0.6609
0.6692
0.6623
0.6465
0.6320
0.6237
0.6465
0.6285
0.6492
0.6520
0.6375
0.6575
0.6313
0.6595
0.6382
0.5727
0.6809
0.6230
0.6623
0.6375
0.6506
0.6637
0.6513
0.6671
0.6485
0.6092
0.6837
0.6423
0.6602
0.6678
0.5403
0.6513
0.6754
0.6720
0.6527
0.6396
0.6616
0.6651
0.6609
0.5830
0.6416
0.7002
