0.6471
0.6616
0.6657
0.6830
0.6540
0.6788
0.6540
0.6595
0.6458
0.6368
0.6210
0.6230
0.6595
0.6554
0.6409
0.6561
0.6699
0.6726
0.6692
0.6685
0.6692
0.6720
0.5059
0.6492
0.6313
0.6671
0.6513
0.6678
0.6699
0.6527
0.6602
0.6575
0.6485
0.6396
0.6465
0.6499
0.6623
0.6513
0.6609
0.6471
0.6327
0.6458
0.6699
0.6637
0.6575
0.6602
0.6540
0.6327
0.6327
0.6589
0.6492
0.6451
0.6720
0.6361
0.6802
0.6582
0.6623
0.6416
0.6499
0.6423
0.6499
0.6299
0.6513
0.6602
0.6437
0.6623
0.6396
0.6506
0.6720
0.5886
0.6527
0.6396
0.6733
0.6368
0.6499
0.6458
0.6630
0.6630
0.6251
0.6092
0.6602
0.6361
0.6416
0.6678
0.5451
0.6485
0.6685
0.6602
0.6485
0.6520
0.6664
0.6616
0.6554
0.6251
0.6265
0.6678
