0.4669
0.4475
0.4762
0.3707
0.4821
0.3636
0.4563
0.3337
0.4170
0.4504
0.4399
0.4862
0.3977
0.4457
0.4106
0.4493
0.4751
0.3818
0.4440
0.3003
0.4164
0.4499
0.3742
0.4786
0.4276
0.3032
0.4094
0.3513
0.4563
0.4270
0.4106
0.4587
0.3337
0.4499
0.4358
0.4323
0.4633
0.4557
0.4176
0.4469
0.4751
0.4270
0.3173
0.4182
0.3982
0.4223
0.4680
0.4000
0.4663
0.4663
0.4428
0.3455
0.4147
0.4944
0.4692
0.4229
0.5026
0.3554
0.5015
0.4874
0.4991
0.4475
0.4469
0.4387
0.4499
0.4463
0.4416
0.4387
0.4534
0.4323
0.4252
0.4405
0.4575
0.3918
0.4358
0.3994
0.4340
0.4446
0.4927
0.4663
0.4000
0.5003
0.4721
0.3548
0.4651
0.4592
0.4475
0.4974
0.3284
0.4364
0.4094
0.4651
0.4768
0.3607
0.4686
0.5284
0.4569
0.3900
0.4387
0.4053
