0.5015
0.4915
0.4909
0.4387
0.5079
0.4768
0.4856
0.4493
0.4903
0.5003
0.4804
0.5026
0.4774
0.4768
0.4891
0.5079
0.4833
0.4792
0.5056
0.4328
0.4716
0.5179
0.4815
0.4845
0.4686
0.4205
0.4921
0.4751
0.4827
0.4862
0.4757
0.4874
0.4628
0.5026
0.4663
0.4880
0.4880
0.4938
0.4745
0.5103
0.5044
0.4897
0.4545
0.4762
0.4786
0.5097
0.4944
0.4997
0.4880
0.4903
0.4862
0.4393
0.4962
0.4897
0.4968
0.4868
0.4897
0.4768
0.4991
0.5085
0.4950
0.5050
0.5226
0.4669
0.4850
0.5032
0.4804
0.4921
0.4974
0.5038
0.4962
0.4897
0.5026
0.4663
0.4815
0.4604
0.5026
0.4915
0.5009
0.4974
0.4727
0.5044
0.4868
0.4504
0.4985
0.4886
0.4956
0.4962
0.4440
0.4874
0.4815
0.4997
0.4933
0.4551
0.4850
0.5015
0.4827
0.4733
0.4821
0.4833
