0.4979
0.4921
0.4786
0.4405
0.4833
0.4651
0.4798
0.4352
0.5091
0.4862
0.4774
0.4985
0.4628
0.5009
0.4762
0.4891
0.4762
0.4774
0.4962
0.4170
0.4821
0.5161
0.4587
0.4874
0.4733
0.4076
0.4792
0.4487
0.4950
0.4833
0.5009
0.4886
0.4463
0.4850
0.4692
0.4903
0.4856
0.4833
0.4721
0.5044
0.5144
0.4833
0.4422
0.4815
0.4903
0.4780
0.4786
0.4645
0.4780
0.4956
0.4827
0.4510
0.4733
0.4774
0.5032
0.4798
0.4933
0.4528
0.5103
0.5050
0.4921
0.4979
0.5021
0.4786
0.4850
0.5067
0.4786
0.4845
0.4874
0.4815
0.4903
0.4815
0.5009
0.4698
0.4833
0.4516
0.4921
0.4927
0.5079
0.5021
0.4880
0.4933
0.4891
0.4569
0.4944
0.4874
0.4974
0.4938
0.4170
0.4839
0.4651
0.4985
0.5067
0.4598
0.5038
0.5267
0.4979
0.4745
0.4809
0.4633
