0.4780
0.4815
0.4850
0.3754
0.5073
0.3625
0.4628
0.3425
0.4235
0.4733
0.4569
0.4827
0.4117
0.4733
0.4252
0.4628
0.4979
0.3789
0.4751
0.3085
0.4422
0.4581
0.3889
0.4856
0.4317
0.3085
0.4223
0.3548
0.4897
0.4352
0.4123
0.4669
0.3431
0.4551
0.4622
0.4487
0.4815
0.4833
0.4293
0.4762
0.4968
0.4399
0.3261
0.4217
0.4235
0.4487
0.4804
0.4152
0.4698
0.4745
0.4704
0.3613
0.4211
0.5161
0.4733
0.4381
0.4950
0.3578
0.4991
0.5056
0.4933
0.4534
0.4604
0.4463
0.4499
0.4481
0.4545
0.4622
0.4751
0.4645
0.4428
0.4540
0.4581
0.3947
0.4557
0.4129
0.4364
0.4428
0.4804
0.4745
0.3935
0.4874
0.4833
0.3537
0.4768
0.4528
0.4721
0.4886
0.3419
0.4504
0.4217
0.4639
0.5050
0.3619
0.4880
0.5015
0.4674
0.3953
0.4499
0.4135
