0.5003
0.4845
0.4915
0.4733
0.4915
0.4786
0.4845
0.4651
0.4991
0.4956
0.4774
0.5021
0.4815
0.4874
0.4903
0.5015
0.5138
0.5044
0.4897
0.4639
0.4833
0.5091
0.4903
0.5056
0.4874
0.4370
0.4850
0.4733
0.4985
0.4710
0.4933
0.4944
0.4628
0.5062
0.4727
0.5056
0.4915
0.5056
0.4827
0.5208
0.4938
0.4850
0.4798
0.4768
0.4938
0.4792
0.4956
0.4762
0.4962
0.5079
0.4815
0.4780
0.5015
0.5185
0.4962
0.4927
0.4827
0.5103
0.5114
0.4944
0.4903
0.5091
0.5349
0.4874
0.4997
0.5050
0.4850
0.4886
0.5003
0.5038
0.4950
0.5032
0.4921
0.4809
0.4909
0.4768
0.4909
0.4862
0.4927
0.5097
0.4704
0.4997
0.4874
0.4716
0.5021
0.4833
0.4968
0.4862
0.4669
0.4669
0.5085
0.5196
0.4921
0.4651
0.4956
0.5021
0.5021
0.4921
0.4891
0.4962
