2.303283877937686158e-02
2.251517456364511907e-02
2.252014539522058725e-02
2.251701657264938011e-02
2.251971289495071846e-02
2.251737142354044707e-02
2.251988668147670777e-02
2.251612251637399170e-02
2.251633801750461961e-02
2.251614364555978853e-02
2.251488600293242298e-02
2.251706161007831219e-02
2.252257827227211601e-02
2.251799309781599839e-02
2.252336192322961644e-02
2.251785343544912207e-02
2.252176289005142565e-02
2.251990834791070539e-02
2.251260428328347857e-02
2.252075129196402445e-02
