3.290481010568354486e-02
2.903654756161970149e-02
2.867786815662068389e-02
2.833785364046728997e-02
2.801629867676537142e-02
2.770920678354748048e-02
2.741573412753893838e-02
2.713850366787142962e-02
2.687425911698562361e-02
2.662410168429862542e-02
2.638672473607962116e-02
2.615969823057904056e-02
2.594751542165539895e-02
2.574475499092165540e-02
2.555119877484629196e-02
2.536923730481360773e-02
2.519519007708432776e-02
2.503052106835321200e-02
2.487382858657973678e-02
2.472508608083569259e-02
