0.6660
0.7122
0.6345
0.6660
0.6366
0.6723
0.6660
0.6261
0.6513
0.6933
0.6807
0.6534
0.6597
0.6513
0.6765
0.6471
0.6113
0.6996
0.6471
0.6345
0.6513
0.6702
0.6702
0.6576
0.6765
0.5987
0.6387
0.6744
0.6513
0.6345
0.6765
0.6639
0.6176
0.6576
0.6555
0.6450
0.6723
0.6597
0.6134
0.6408
0.6492
0.6744
0.6155
0.6744
0.6639
0.6513
0.6702
0.6618
0.6597
0.6765
0.6891
0.6197
0.6849
0.6534
0.6534
0.6870
0.6639
0.6113
0.6303
0.6702
0.7101
0.6870
0.6513
0.6681
0.6723
0.6996
0.6008
0.6366
0.6492
0.6744
0.6828
0.6597
0.6744
0.6239
0.6996
0.7101
0.7017
0.6639
0.6534
0.6765
0.6450
0.6786
0.6492
0.6261
0.6408
0.6786
0.6807
0.6513
0.6660
0.6345
0.7017
0.6870
0.7059
0.6828
0.6429
0.6450
0.6744
0.6723
0.6408
0.6513
