0.7164
0.7164
0.6197
0.6975
0.6618
0.6975
0.6975
0.6239
0.6765
0.6576
0.6660
0.6765
0.6807
0.6891
0.6639
0.6282
0.6807
0.6765
0.6576
0.6450
0.6471
0.6786
0.6660
0.6639
0.6681
0.5588
0.6660
0.6071
0.6429
0.6071
0.6618
0.6639
0.6261
0.6639
0.6618
0.6765
0.6534
0.6366
0.6534
0.6660
0.6744
0.6870
0.6197
0.6534
0.6660
0.6912
0.6975
0.7164
0.6618
0.6471
0.7122
0.6471
0.6639
0.6702
0.6429
0.6513
0.6618
0.6912
0.6765
0.6723
0.7374
0.7143
0.6996
0.6765
0.6702
0.6996
0.6555
0.6282
0.6660
0.6492
0.6513
0.6534
0.6723
0.6408
0.6702
0.7038
0.7122
0.7017
0.6429
0.6660
0.6891
0.6975
0.6471
0.6891
0.6618
0.6807
0.6660
0.6933
0.7080
0.6471
0.6954
0.6891
0.7080
0.6828
0.6681
0.6723
0.7164
0.6639
0.6324
0.6555
