0.6282
0.6807
0.6450
0.6513
0.6681
0.6576
0.6828
0.6218
0.6597
0.6576
0.6366
0.6387
0.6492
0.6239
0.6534
0.6660
0.6471
0.6681
0.6450
0.6450
0.6303
0.6618
0.6492
0.6555
0.6092
0.6092
0.6429
0.6618
0.6155
0.7290
0.6828
0.6513
0.6933
0.6723
0.6849
0.6786
0.6534
0.6092
0.6008
0.6828
0.6765
0.6429
0.6492
0.6702
0.6639
0.6492
0.6450
0.6134
0.7080
0.6597
0.6303
0.6492
0.6408
0.6597
0.6429
0.6744
0.6324
0.6744
0.6975
0.6765
0.6639
0.6807
0.6429
0.6555
0.6870
0.6576
0.6639
0.6471
0.7164
0.6555
0.6849
0.6471
0.6218
0.6660
0.6702
0.6870
0.6534
0.6513
0.6660
0.6492
0.6492
0.6218
0.6134
0.6513
0.6744
0.6471
0.6744
0.6891
0.6555
0.6681
0.6786
0.6996
0.6513
0.6471
0.6387
0.6408
0.6366
0.6008
0.6891
