4.032508191425593913e-01
2.424545091734342239e-01
1.867271004438934012e-01
1.565856456442353550e-01
1.373344430215886203e-01
1.236803356265321480e-01
1.133092098465045550e-01
1.050708223838309197e-01
9.832372652526924495e-02
9.267100888800844372e-02
8.785327838906953346e-02
8.369349566915938732e-02
8.006052130307368675e-02
7.686024250721466833e-02
7.401822916540062858e-02
7.147742252479968861e-02
6.919298002754341315e-02
6.712725689573470489e-02
6.525025891564524561e-02
6.353810007334670384e-02
