1.109801525328740213e-01
4.011295353471205916e-02
3.218326388132109611e-02
2.981175396110652409e-02
2.867644269490128572e-02
2.790291371802402359e-02
2.730380670009190450e-02
2.680010560253788532e-02
2.636570190508846778e-02
2.598121610936698911e-02
2.563872700596562040e-02
2.533144078012560321e-02
2.505473907905643449e-02
2.480442856354841963e-02
2.457723220114497314e-02
2.437089368753157445e-02
2.418255046120514756e-02
2.401151524924891381e-02
2.385460955820002671e-02
2.371125627282832937e-02
