0.4876
0.4973
0.4904
0.4821
0.5151
0.4451
0.5027
0.4025
0.5192
0.5151
0.5014
0.4657
0.4890
0.4780
0.4821
0.4505
0.4794
0.4341
0.4986
0.3956
0.4821
0.4766
0.4918
0.4588
0.5027
0.3791
0.5110
0.4299
0.4863
0.4519
0.4808
0.5069
0.4327
0.5165
0.4959
0.4753
0.4863
0.5247
0.4409
0.4602
0.4973
0.4918
0.4437
0.5027
0.4698
0.5000
0.4725
0.4670
0.4382
0.4876
0.4643
0.4190
0.5234
0.4973
0.4739
0.4849
0.4945
0.4492
0.4739
0.5041
0.5069
0.4698
0.4973
0.4753
0.4753
0.4849
0.4547
0.5041
0.4780
0.5330
0.4464
0.4712
0.5014
0.5069
0.4904
0.4876
0.4959
0.4766
0.4725
0.4808
0.5137
0.5110
0.5041
0.4821
0.4849
0.5069
0.4574
0.5192
0.4863
0.4808
0.4533
0.5398
0.5055
0.4615
0.5234
0.4739
0.4986
0.4849
0.4560
0.4602
