0.5033
0.4742
0.4967
0.4980
0.4901
0.4821
0.4742
0.3523
0.4623
0.5046
0.4861
0.4874
0.4649
0.4649
0.4808
0.4874
0.5020
0.3828
0.5073
0.3656
0.4808
0.4874
0.4636
0.5166
0.4702
0.3974
0.4834
0.4344
0.4848
0.4477
0.4781
0.4781
0.4185
0.4861
0.5113
0.5086
0.4901
0.5007
0.4583
0.4490
0.5020
0.4689
0.4305
0.4954
0.4437
0.4570
0.4795
0.4675
0.4887
0.4503
0.4887
0.4026
0.4887
0.4728
0.4940
0.4543
0.4914
0.4000
0.4993
0.5258
0.4874
0.4768
0.4834
0.4583
0.4583
0.4940
0.4623
0.4755
0.4768
0.4874
0.4318
0.4954
0.4689
0.4172
0.4795
0.4768
0.4675
0.4464
0.4901
0.5192
0.4623
0.5046
0.5007
0.4318
0.5086
0.4821
0.4755
0.4874
0.4689
0.4755
0.4662
0.5364
0.5219
0.4185
0.4954
0.4861
0.4980
0.4755
0.4437
0.4397
