0.4662
0.4940
0.4795
0.3907
0.4954
0.3563
0.5152
0.3205
0.3960
0.4861
0.4583
0.5046
0.4119
0.4305
0.4278
0.4649
0.4914
0.3497
0.4755
0.2993
0.4106
0.4874
0.3695
0.5007
0.4477
0.3113
0.4331
0.3007
0.4675
0.3854
0.4212
0.4742
0.3550
0.5033
0.4424
0.4623
0.4702
0.4689
0.3815
0.4636
0.4914
0.4344
0.3695
0.4583
0.3642
0.4424
0.5060
0.4305
0.4397
0.4530
0.5073
0.3444
0.4305
0.4980
0.5073
0.4132
0.5205
0.3629
0.4954
0.4795
0.4901
0.4344
0.4199
0.4715
0.4834
0.4503
0.4715
0.4437
0.4689
0.4702
0.4172
0.4742
0.4715
0.4172
0.4874
0.4291
0.4450
0.4623
0.5258
0.4755
0.3775
0.5192
0.4980
0.3536
0.4715
0.4980
0.4596
0.4993
0.4066
0.4371
0.4146
0.4914
0.4728
0.4305
0.4914
0.4927
0.5166
0.4424
0.4437
0.4238
