0.4556
0.5060
0.4728
0.3907
0.5351
0.3669
0.4675
0.3126
0.4172
0.4834
0.4384
0.5046
0.4305
0.4305
0.4358
0.4728
0.4636
0.3351
0.5272
0.2993
0.4397
0.5325
0.3669
0.5046
0.4477
0.3113
0.4371
0.3033
0.5099
0.3563
0.4530
0.4795
0.3550
0.4490
0.4636
0.4464
0.4940
0.4940
0.3815
0.4026
0.4543
0.4424
0.4702
0.4623
0.3656
0.4450
0.4848
0.4252
0.4464
0.4371
0.4914
0.3576
0.4305
0.5073
0.4781
0.4278
0.4755
0.3682
0.4901
0.4927
0.4781
0.4344
0.4172
0.4715
0.4318
0.4543
0.4649
0.4980
0.4450
0.4490
0.4013
0.4649
0.4689
0.4172
0.4252
0.4662
0.4450
0.4252
0.4993
0.4623
0.3775
0.4927
0.4768
0.3603
0.4821
0.4742
0.4675
0.4728
0.4066
0.4225
0.4331
0.4742
0.4980
0.4411
0.4980
0.5258
0.4874
0.4702
0.4384
0.3868
