0.4675
0.4954
0.4689
0.4212
0.4583
0.4066
0.4993
0.3510
0.4543
0.4702
0.4755
0.5020
0.4238
0.4556
0.4424
0.4530
0.4530
0.3536
0.4993
0.3152
0.4331
0.4954
0.4026
0.4901
0.4675
0.3152
0.4861
0.3430
0.4728
0.4079
0.4662
0.4702
0.3947
0.4808
0.4980
0.4821
0.4914
0.4914
0.4331
0.4437
0.5192
0.4715
0.3921
0.4689
0.4159
0.4675
0.4675
0.4305
0.4808
0.4795
0.5152
0.3801
0.4649
0.4901
0.4993
0.4530
0.4689
0.3841
0.4728
0.5126
0.4755
0.4901
0.4503
0.4490
0.4503
0.4755
0.4464
0.4742
0.4530
0.4583
0.4238
0.4848
0.4848
0.4278
0.4623
0.4887
0.4623
0.4411
0.4662
0.4649
0.4026
0.5046
0.4848
0.4066
0.4927
0.4901
0.5245
0.4715
0.4490
0.4543
0.4649
0.4901
0.4623
0.4040
0.4993
0.4702
0.4940
0.4781
0.4185
0.4450
