0.4755
0.4543
0.4742
0.4040
0.4914
0.4119
0.4821
0.3086
0.4305
0.5139
0.4675
0.4874
0.4437
0.4530
0.4464
0.4768
0.4583
0.3470
0.4887
0.3179
0.4212
0.4954
0.3987
0.4980
0.4570
0.3285
0.5007
0.3325
0.4927
0.3974
0.4556
0.4742
0.3921
0.4755
0.4874
0.4755
0.4821
0.4728
0.4212
0.4146
0.4636
0.4623
0.3788
0.4490
0.3987
0.4583
0.4742
0.4517
0.4768
0.4927
0.4954
0.3695
0.4450
0.4675
0.4768
0.4371
0.4649
0.3775
0.4768
0.4834
0.5099
0.4874
0.4212
0.4530
0.4358
0.4543
0.4636
0.4940
0.4583
0.4675
0.4159
0.4530
0.4768
0.4358
0.4980
0.4649
0.4305
0.4702
0.4848
0.4927
0.4146
0.4742
0.4675
0.3695
0.4993
0.5020
0.4675
0.4715
0.4424
0.4517
0.4662
0.5139
0.4821
0.4000
0.5245
0.4914
0.5325
0.4848
0.4450
0.4305
