5.871798829247349555e-02
2.590877818173923861e-02
2.403586119725730288e-02
2.315293048158284517e-02
2.267682663795594911e-02
2.237817801224852715e-02
2.217086975873443916e-02
2.200695713279018917e-02
2.187525565623379964e-02
2.177113127226790179e-02
2.167589021766333848e-02
2.159580278963105227e-02
2.151908373460699464e-02
2.146068788152857149e-02
2.140757144640912171e-02
2.136202911900742310e-02
2.131706275269490067e-02
2.127784831648158598e-02
2.124622509411394286e-02
2.121637040442262909e-02
