2.113747338792745512e-01
8.020352035396181856e-02
5.913176631631590630e-02
4.961780730215355206e-02
4.427897927716026305e-02
4.090186610932315669e-02
3.859178779144134541e-02
3.692133116775292434e-02
3.566974626958223371e-02
3.470396326006438409e-02
3.394185160979188570e-02
3.332755545919080520e-02
3.282585076921182288e-02
3.241085898388752773e-02
3.206292155531031973e-02
3.176954903525738144e-02
3.151897078944032593e-02
3.130424816450521480e-02
3.111876930168850502e-02
3.095750723547778180e-02
